
>AbdA_Cell_FBgn0000014
A |	1	0	16	18	1	0	15	
C |	3	0	0	0	0	0	1	
G |	0	0	0	0	0	6	2	
T |	14	18	2	0	17	12	0	
>AbdB_Cell_FBgn0000015
A |	1	6	1	0	5	21	0	3	13	
C |	5	1	0	0	0	0	3	0	0	
G |	12	2	0	0	0	0	0	11	5	
T |	3	12	20	21	16	0	18	7	3	
>Achi_Cell_FBgn0033749
A |	4	6	0	0	23	0	23	
C |	3	4	0	0	0	22	0	
G |	1	1	0	23	0	0	0	
T |	15	12	23	0	0	1	0	
>Al_Cell_FBgn0000061
A |	0	20	20	0	0	17	18	
C |	0	0	0	0	0	0	0	
G |	0	0	0	0	0	3	2	
T |	20	0	0	20	20	0	0	
>Antp_Cell_FBgn0000095
A |	1	1	0	16	16	0	0	15	
C |	5	1	0	0	0	0	0	0	
G |	2	0	0	0	0	0	9	1	
T |	8	14	16	0	0	16	7	0	
>Ap_Cell_FBgn0000099
A |	5	2	1	19	19	0	0	16	
C |	4	10	0	0	0	0	0	0	
G |	9	0	0	0	0	0	6	3	
T |	1	7	18	0	0	19	13	0	
>Ara_Cell_FBgn0015904
A |	12	16	24	14	23	34	0	34	
C |	5	7	1	0	0	0	34	0	
G |	10	6	1	5	0	0	0	0	
T |	7	5	8	15	11	0	0	0	
>Awh_Cell_FBgn0013751
A |	3	1	33	40	0	0	34	
C |	16	0	0	0	0	0	0	
G |	0	0	7	0	1	8	4	
T |	21	39	0	0	39	32	2	
>Bap_Cell_FBgn0004862
A |	7	1	0	0	23	23	0	1	7	3	
C |	4	9	0	0	0	0	0	0	0	8	
G |	4	5	1	0	0	0	23	0	16	9	
T |	8	8	22	23	0	0	0	22	0	3	
>Bcd_Cell_FBgn0000166
A |	1	3	0	20	22	0	0	0	
C |	6	5	0	0	0	0	22	21	
G |	10	3	0	0	0	1	0	0	
T |	5	11	22	2	0	21	0	1	
>BH1_Cell_FBgn0011758
A |	1	4	0	21	21	8	1	1	7	
C |	5	4	0	0	0	0	7	0	3	
G |	12	0	0	0	0	0	0	20	8	
T |	3	13	21	0	0	13	13	0	3	
>BH2_Cell_FBgn0004854
A |	2	6	0	21	21	5	3	0	5	
C |	7	2	0	0	0	0	1	0	4	
G |	7	1	0	0	0	0	2	21	11	
T |	5	12	21	0	0	16	15	0	1	
>Bsh_Cell_FBgn0000529
A |	3	1	0	16	16	0	0	7	3	
C |	5	3	0	0	0	1	3	0	3	
G |	1	2	0	0	0	0	6	9	9	
T |	7	10	16	0	0	15	7	0	1	
>Btn_Cell_FBgn0014949
A |	4	5	0	22	23	0	0	19	
C |	9	1	0	0	0	1	0	0	
G |	5	4	0	1	0	0	15	3	
T |	5	13	23	0	0	22	8	1	
>C15_Cell_FBgn0004863
A |	2	1	0	17	19	6	0	10	
C |	4	1	0	0	0	2	3	0	
G |	8	0	0	0	0	0	6	9	
T |	5	17	19	2	0	11	10	0	
>Cad_Cell_FBgn0000251
A |	12	3	4	12	38	0	4	22	
C |	6	3	0	0	0	0	0	0	
G |	4	3	0	2	0	0	7	15	
T |	16	29	34	24	0	38	27	1	
>Caup_Cell_FBgn0015919
A |	4	9	8	4	14	19	0	19	
C |	9	0	0	1	0	0	19	0	
G |	2	3	4	2	2	0	0	0	
T |	4	7	7	12	3	0	0	0	
>Ct_Cell_FBgn0004198
A |	3	3	0	1	9	20	17	0	
C |	3	8	6	2	0	0	0	19	
G |	7	6	0	0	11	0	1	1	
T |	7	3	14	17	0	0	2	0	
>Dfd_Cell_FBgn0000439
A |	8	1	0	24	24	0	1	21	
C |	9	4	0	0	0	0	0	0	
G |	4	3	0	0	0	0	19	3	
T |	3	16	24	0	0	24	4	0	
>Dll_Cell_FBgn0000157
A |	1	21	23	0	4	11	0	
C |	0	0	0	0	0	0	12	
G |	0	2	0	0	2	8	4	
T |	22	0	0	23	17	4	7	
>Dr_Cell_FBgn0000492
A |	4	11	1	0	21	21	0	0	21	
C |	8	2	13	16	0	0	0	0	0	
G |	9	4	6	0	0	0	0	0	0	
T |	0	4	1	5	0	0	21	21	0	
>E5_Cell_FBgn0008646
A |	11	5	3	43	42	1	5	34	
C |	9	15	0	0	0	0	0	0	
G |	12	6	0	0	0	1	16	9	
T |	11	17	40	0	1	41	22	0	
>Ems_Cell_FBgn0000576
A |	8	3	3	19	19	0	0	14	
C |	1	7	0	0	0	0	1	0	
G |	2	1	0	0	1	0	10	6	
T |	9	9	17	1	0	20	9	0	
>En_Cell_FBgn0000577
A |	3	2	0	23	23	0	0	13	
C |	3	8	0	0	0	0	0	0	
G |	12	2	0	0	0	0	2	10	
T |	5	11	23	0	0	23	21	0	
>Eve_Cell_FBgn0000606
A |	6	3	1	22	22	0	0	17	
C |	1	10	0	0	0	2	2	0	
G |	9	0	0	0	0	1	11	4	
T |	6	9	21	0	0	19	9	1	
>Exd_Cell_FBgn0000611
A |	4	1	0	0	0	17	0	11	
C |	4	0	0	0	0	0	12	0	
G |	4	2	0	0	17	0	0	6	
T |	5	14	17	17	0	0	5	0	
>Exex_Cell_FBgn0041156
A |	0	5	23	18	0	3	19	
C |	6	0	0	0	1	0	3	
G |	10	0	0	0	0	3	1	
T |	7	18	0	5	22	17	0	
>Ftz_Cell_FBgn0001077
A |	3	1	1	18	18	0	0	14	
C |	5	2	0	0	0	0	0	0	
G |	8	0	0	0	0	0	9	4	
T |	2	15	17	0	0	18	9	0	
>Gsc_Cell_FBgn0010323
A |	8	4	0	22	22	0	0	0	
C |	8	5	0	0	0	0	22	14	
G |	5	4	0	0	0	0	0	2	
T |	1	9	22	0	0	22	0	6	
>H2.0_Cell_FBgn0001170
A |	4	10	18	21	8	9	23	
C |	1	1	0	0	0	0	0	
G |	3	0	1	0	0	9	7	
T |	24	21	13	11	24	14	2	
>Hbn_Cell_FBgn0008636
A |	0	5	17	12	0	2	12	
C |	1	0	0	0	0	0	0	
G |	1	0	0	0	0	3	4	
T |	15	12	0	5	17	12	1	
>Hgtx_Cell_FBgn0040318
A |	4	4	0	20	20	0	1	15	
C |	1	2	0	0	0	0	0	0	
G |	5	3	0	0	0	0	6	5	
T |	10	11	20	0	0	20	13	0	
>Hmx_Cell_FBgn0085448
A |	1	0	20	20	1	0	4	
C |	3	0	0	0	0	3	0	
G |	0	0	0	0	0	0	16	
T |	16	20	0	0	19	17	0	
>Hth_Cell_FBgn0001235
A |	0	0	17	0	14	
C |	0	0	0	17	0	
G |	0	17	0	0	3	
T |	17	0	0	0	0	
>Ind_Cell_FBgn0025776
A |	1	9	0	0	21	21	0	0	19	
C |	9	4	12	0	0	0	0	0	0	
G |	2	6	0	0	0	0	1	8	2	
T |	9	2	9	21	0	0	20	13	0	
>Inv_Cell_FBgn0001269
A |	4	1	0	16	16	0	0	11	
C |	0	9	0	0	0	0	0	0	
G |	3	0	0	0	0	0	0	5	
T |	9	6	16	0	0	16	16	0	
>Lab_Cell_FBgn0002522
A |	1	0	16	16	1	0	16	
C |	3	0	0	0	0	0	0	
G |	0	0	0	0	0	6	0	
T |	12	16	0	0	15	10	0	
>Lag1_Cell_FBgn0040918
A |	0	0	17	1	0	18	12	10	10	3	
C |	19	9	2	18	12	0	0	3	1	2	
G |	0	0	0	0	0	1	4	4	0	1	
T |	0	10	0	0	7	0	3	2	8	13	
>Lbe_Cell_FBgn0011278
A |	3	4	0	22	22	1	4	19	
C |	5	6	0	0	0	10	5	0	
G |	9	2	0	0	0	2	3	3	
T |	5	10	22	0	0	9	10	0	
>Lbl_Cell_FBgn0008651
A |	5	5	0	23	23	0	1	17	
C |	5	10	0	0	0	5	3	0	
G |	11	0	0	0	0	0	7	6	
T |	2	8	23	0	0	18	12	0	
>Lim1_Cell_FBgn0026411
A |	0	0	18	18	0	0	17	
C |	2	0	0	0	0	0	0	
G |	0	0	0	0	0	0	1	
T |	16	18	0	0	18	18	0	
>Lim3_Cell_FBgn0002023
A |	8	3	4	16	20	0	0	16	
C |	5	7	0	0	0	0	2	0	
G |	2	2	0	3	0	0	4	4	
T |	5	8	16	1	0	20	14	0	
>Mirr_Cell_FBgn0014343
A |	18	18	22	20	29	41	0	41	
C |	6	4	7	1	0	0	41	0	
G |	6	10	6	1	2	0	0	0	
T |	11	9	6	19	10	0	0	0	
>NK7.1_Cell_FBgn0024321
A |	13	5	0	33	35	4	6	13	
C |	9	5	0	0	0	0	0	0	
G |	5	1	0	2	0	5	7	22	
T |	8	24	35	0	0	26	22	0	
>Oc_Cell_FBgn0004102
A |	5	0	19	19	0	0	0	
C |	2	0	0	0	0	19	17	
G |	1	0	0	0	2	0	1	
T |	11	19	0	0	17	0	1	
>Odsh_Cell_FBgn0026058
A |	0	0	22	22	0	0	13	
C |	11	0	0	0	0	0	0	
G |	4	0	0	0	0	0	8	
T |	7	22	0	0	22	22	1	
>onecut_Cell_FBgn0028996
A |	1	0	0	15	0	0	5	
C |	2	0	0	0	0	0	0	
G |	0	0	15	0	0	0	4	
T |	12	15	0	0	15	15	6	
>Optix_Cell_FBgn0025360
A |	12	13	4	0	0	27	0	26	
C |	4	4	4	5	0	0	0	0	
G |	2	3	16	0	27	0	0	1	
T |	9	7	3	22	0	0	27	0	
>Otp_Cell_FBgn0015524
A |	3	1	0	20	20	0	0	15	
C |	4	6	1	0	0	0	1	0	
G |	2	2	0	0	0	0	4	3	
T |	11	11	19	0	0	20	15	2	
>Pb_Cell_FBgn0051481
A |	3	4	0	24	24	0	0	24	
C |	3	9	0	0	0	0	0	0	
G |	10	0	0	0	0	0	11	0	
T |	8	11	24	0	0	24	13	0	
>PhdP_Cell_FBgn0025334
A |	5	1	15	16	1	1	
C |	5	0	0	0	0	0	
G |	0	0	0	1	0	1	
T |	7	16	2	0	16	15	
>Pph13_Cell_FBgn0023489
A |	10	6	0	21	21	0	0	13	
C |	4	9	0	0	0	0	1	1	
G |	3	2	0	0	0	0	0	6	
T |	4	4	21	0	0	21	20	1	
>Ptx1_Cell_FBgn0020912
A |	0	0	20	20	0	0	0	
C |	5	0	0	0	0	20	19	
G |	1	0	0	0	0	0	0	
T |	14	20	0	0	20	0	1	
>Repo_Cell_FBgn0011701
A |	6	1	1	27	28	0	0	21	
C |	3	4	0	0	0	0	0	0	
G |	6	4	0	0	0	0	0	7	
T |	13	19	27	1	0	28	28	0	
>Ro_Cell_FBgn0003267
A |	5	1	0	23	23	0	0	19	
C |	4	12	0	0	0	0	0	0	
G |	11	3	0	0	0	0	3	4	
T |	3	7	23	0	0	23	20	0	
>Rx_Cell_FBgn0020617
A |	7	3	0	27	27	0	0	17	
C |	5	13	0	0	0	0	0	0	
G |	12	0	0	0	0	0	0	10	
T |	3	11	27	0	0	27	27	0	
>Scr_Cell_FBgn0003339
A |	5	8	3	0	25	25	0	0	23	
C |	14	5	7	0	0	0	0	0	0	
G |	1	9	0	0	0	0	0	18	2	
T |	5	3	15	25	0	0	25	7	0	
>Six4_Cell_FBgn0027364
A |	10	4	6	0	0	20	0	20	1	
C |	2	2	2	0	0	0	7	0	19	
G |	2	3	3	0	20	0	4	0	0	
T |	6	11	9	20	0	0	9	0	0	
>Slou_Cell_FBgn0002941
A |	2	3	0	22	21	0	2	11	
C |	3	5	1	0	0	0	1	0	
G |	6	1	0	0	1	0	5	11	
T |	11	13	21	0	0	22	14	0	
>So_Cell_FBgn0003460
A |	12	13	0	0	27	0	27	
C |	4	1	0	0	0	0	0	
G |	5	10	1	27	0	1	0	
T |	6	3	26	0	0	26	0	
>Tin_Cell_FBgn0004110
A |	0	1	0	16	16	0	0	3	
C |	9	0	11	0	0	0	0	0	
G |	3	0	1	0	0	16	0	13	
T |	4	15	4	0	0	0	16	0	
>Tup_Cell_FBgn0003896
A |	1	5	1	15	16	1	1	2	
C |	9	1	1	0	0	0	0	0	
G |	5	1	0	0	0	2	6	14	
T |	1	9	14	1	0	13	9	0	
>Ubx_Cell_FBgn0003944
A |	3	0	0	17	20	0	0	14	
C |	5	0	0	0	0	0	0	0	
G |	3	0	0	0	0	0	6	6	
T |	9	20	20	3	0	20	14	0	
>Unc4_Cell_FBgn0024184
A |	2	1	0	21	21	0	1	6	
C |	9	5	0	0	0	0	0	1	
G |	5	2	0	0	0	0	0	14	
T |	5	13	21	0	0	21	20	0	
>Unpg_Cell_FBgn0015561
A |	5	1	1	21	21	0	0	14	
C |	10	6	0	0	0	0	0	0	
G |	3	4	0	0	0	0	2	7	
T |	3	10	20	0	0	21	19	0	
>Vis_Cell_FBgn0033748
A |	0	0	22	0	22	
C |	0	0	0	22	0	
G |	0	22	0	0	0	
T |	22	0	0	0	0	
>Vnd_Cell_FBgn0003986
A |	4	1	0	0	19	19	0	2	9	
C |	0	8	0	15	0	0	0	0	0	
G |	2	1	0	2	0	0	19	0	10	
T |	13	9	19	2	0	0	0	17	0	
>Zen_Cell_FBgn0004053
A |	3	2	2	0	16	16	0	0	16	
C |	5	8	9	0	0	0	0	0	0	
G |	4	4	0	0	0	0	0	11	0	
T |	4	2	5	16	0	0	16	5	0	
>Zen2_Cell_FBgn0004054
A |	4	7	3	1	26	26	0	0	22	
C |	7	9	7	0	0	0	1	0	0	
G |	2	6	5	0	0	0	0	10	4	
T |	13	4	11	25	0	0	25	16	0	
>CG11085_Cell_FBgn0030408
A |	2	0	0	13	13	1	2	1	2	
C |	4	3	0	0	0	0	1	0	4	
G |	2	0	0	0	0	0	2	12	6	
T |	5	10	13	0	0	12	8	0	1	
>CG11294_Cell_FBgn0030058
A |	0	0	15	15	0	0	15	
C |	3	2	0	0	0	0	0	
G |	0	0	0	0	0	0	0	
T |	12	13	0	0	15	15	0	
>CG11617_Cell_FBgn0031232
A |	7	2	1	0	10	17	0	17	
C |	0	0	0	0	0	0	17	0	
G |	3	1	0	0	3	0	0	0	
T |	7	14	16	17	4	0	0	0	
>CG12361_Cell_FBgn0250756
A |	2	2	2	6	16	0	0	13	
C |	2	0	0	0	0	0	2	0	
G |	3	0	0	2	0	0	6	3	
T |	9	14	14	8	0	16	8	0	
>CG13424_Cell_FBgn0034520
A |	6	2	0	21	21	0	3	8	
C |	5	7	0	0	0	0	0	0	
G |	4	1	0	0	0	0	4	13	
T |	6	11	21	0	0	21	14	0	
>CG15696_Cell_FBgn0038833
A |	3	2	2	21	32	0	0	16	
C |	7	3	3	0	0	0	0	0	
G |	8	3	0	6	0	0	2	16	
T |	14	24	27	5	0	32	30	0	
>CG18599_Cell_FBgn0038592
A |	4	0	25	25	0	0	23	
C |	10	0	0	0	0	1	0	
G |	1	0	0	0	0	8	2	
T |	10	25	0	0	25	16	0	
>CG32105_Cell_FBgn0052105
A |	9	2	2	17	19	0	0	15	6	
C |	1	4	0	0	0	0	0	0	4	
G |	0	0	0	0	0	1	1	4	9	
T |	9	13	17	2	0	18	18	0	0	
>CG32532_Cell_FBgn0052532
A |	2	0	23	23	0	0	12	
C |	6	0	0	0	0	0	0	
G |	2	0	0	0	0	2	10	
T |	13	23	0	0	23	21	1	
>CG33980_Cell_FBgn0053980
A |	1	2	0	13	13	0	0	10	1	
C |	1	2	0	0	0	0	0	0	2	
G |	5	0	0	0	0	0	0	3	10	
T |	6	9	13	0	0	13	13	0	0	
>CG34031_Cell_FBgn0054031
A |	2	0	0	22	25	2	7	3	
C |	4	1	0	0	0	0	0	0	
G |	4	1	0	0	0	0	1	22	
T |	15	23	25	3	0	23	17	0	
>CG4136_Cell_FBgn0029775
A |	1	0	22	22	0	2	15	
C |	8	0	0	0	0	0	0	
G |	1	0	0	0	0	3	6	
T |	12	22	0	0	22	17	1	
>CG4328_Cell_FBgn0036274
A |	12	12	7	13	30	0	0	15	
C |	6	2	1	0	0	0	0	0	
G |	4	3	0	0	0	0	6	15	
T |	8	13	22	17	0	30	24	0	
>CG7056_Cell_FBgn0038852
A |	7	0	0	21	26	0	7	22	
C |	3	7	6	0	0	3	0	0	
G |	2	0	7	2	0	3	1	4	
T |	14	19	13	3	0	20	18	0	
>CG9876_Cell_FBgn0034821
A |	11	2	0	18	20	0	0	14	
C |	2	9	0	0	0	0	0	0	
G |	4	3	0	0	0	0	1	6	
T |	3	6	20	2	0	20	19	0	
>bcd_NAR_FBgn0000166
A |	2	4	18	19	1	0	0	
C |	6	2	0	0	0	17	9	
G |	2	0	0	0	5	0	0	
T |	9	13	1	0	13	2	10	
>Blimp-1_NAR_FBgn0035625
A |	4	11	10	12	1	0	0	12	11	12	1	0	
C |	0	0	1	0	0	2	0	0	0	0	0	3	
G |	8	0	1	0	11	1	12	0	1	0	11	0	
T |	0	1	0	0	0	9	0	0	0	0	0	9	
>btd_NAR_FBgn0000233
A |	14	10	4	2	0	0	2	0	0	15	
C |	3	0	0	0	0	0	27	0	0	1	
G |	7	19	18	27	29	29	0	29	20	9	
T |	5	0	7	0	0	0	0	0	9	4	
>D_NAR_FBgn0000411
A |	20	9	22	34	0	31	30	8	12	5	16	
C |	2	6	3	0	34	3	0	0	0	1	9	
G |	1	11	8	0	0	0	4	0	18	28	8	
T |	11	8	1	0	0	0	0	26	4	0	1	
>fkh_NAR_FBgn0000659
A |	3	5	0	0	0	13	4	6	0	23	15	
C |	0	0	0	0	0	0	13	7	11	0	4	
G |	0	22	0	0	1	14	2	3	2	1	4	
T |	24	0	27	27	26	0	8	11	14	3	4	
>gt_NAR_FBgn0001150
A |	2	0	6	2	14	0	0	24	0	5	0	26	29	0	
C |	10	8	7	3	0	0	0	0	29	0	1	3	0	10	
G |	8	13	10	4	15	0	0	5	0	24	0	0	0	5	
T |	9	8	6	20	0	29	29	0	0	0	28	0	0	14	
>h_NAR_FBgn0001168
A |	0	3	0	12	0	1	0	0	2	0	
C |	1	4	18	0	18	0	5	0	13	18	
G |	17	6	0	6	0	17	0	18	3	0	
T |	0	5	0	0	0	0	13	0	0	0	
>hb_NAR_FBgn0001180
A |	0	25	21	26	26	26	26	25	12	12	
C |	19	0	5	0	0	0	0	1	10	11	
G |	3	1	0	0	0	0	0	0	0	3	
T |	4	0	0	0	0	0	0	0	4	0	
>hkb_NAR_FBgn0001204
A |	3	8	0	0	0	0	0	0	24	
C |	0	0	0	0	32	0	0	0	3	
G |	18	24	32	32	0	32	3	31	2	
T |	11	0	0	0	0	0	29	1	3	
>kni_NAR_FBgn0001320
A |	19	25	16	5	0	21	0	17	1	0	25	5	
C |	1	1	0	9	4	0	0	0	3	26	0	12	
G |	2	0	0	6	1	5	26	8	18	0	1	7	
T |	4	0	10	6	21	0	0	1	4	0	0	2	
>Kr_NAR_FBgn0001325
A |	3	11	24	30	18	0	2	2	0	4	20	
C |	17	4	0	0	6	0	0	0	1	0	4	
G |	5	10	7	0	7	31	29	29	7	5	3	
T |	6	6	0	1	0	0	0	0	23	22	4	
>nub_NAR_FBgn0085424
A |	2	29	0	0	0	24	28	28	4	6	19	4	
C |	1	0	0	0	19	0	0	0	1	5	5	3	
G |	1	0	0	25	1	0	1	0	0	8	1	15	
T |	25	0	29	4	9	5	0	1	24	10	4	7	
>odd_NAR_FBgn0002985
A |	7	10	0	12	0	0	15	0	0	11	5	
C |	5	5	14	0	0	0	0	0	15	3	4	
G |	0	0	1	3	15	0	0	15	0	1	6	
T |	3	0	0	0	0	15	0	0	0	0	0	
>opa_NAR_FBgn0003002
A |	0	10	1	1	0	0	0	0	4	0	3	2	
C |	1	7	16	15	16	18	18	14	0	14	1	0	
G |	15	1	0	1	1	0	0	0	13	2	4	16	
T |	2	0	1	1	1	0	0	4	1	2	10	0	
>prd_NAR_FBgn0003145
A |	5	3	8	0	4	0	28	0	2	0	5	
C |	6	14	16	1	0	27	1	30	0	18	8	
G |	4	4	3	25	0	0	0	0	28	12	0	
T |	15	9	3	4	26	3	1	0	0	0	17	
>slp1_NAR_FBgn0003430
A |	8	0	3	0	0	0	27	1	17	4	15	
C |	3	0	0	0	0	0	0	22	8	13	3	
G |	14	0	38	0	1	2	4	7	15	3	4	
T |	16	41	0	41	40	39	10	11	1	21	19	
>tll_NAR_FBgn0003720
A |	20	29	33	31	0	0	0	33	31	17	
C |	4	0	0	1	0	2	33	0	0	10	
G |	4	4	0	1	33	0	0	0	1	2	
T |	5	0	0	0	0	31	0	0	1	4	
>ttk_NAR_FBgn0003870
A |	10	22	0	0	22	0	21	22	1	
C |	8	0	0	0	0	5	0	0	5	
G |	3	0	22	22	0	0	0	0	3	
T |	1	0	0	0	0	17	1	0	13	
>odd_NBT_1.5_FBgn0002985
A |	2	0	2	16	0	0	0	3	10	
C |	1	20	0	0	22	10	0	2	2	
G |	19	2	0	0	0	0	21	11	2	
T |	0	0	20	6	0	12	1	6	8	
>odd_NBT_2.5_FBgn0002985
A |	0	0	0	22	0	0	0	2	9	
C |	0	24	0	0	23	12	0	0	1	
G |	24	0	0	0	0	0	23	10	6	
T |	0	0	24	2	1	12	1	12	8	
>odd_NBT_5_FBgn0002985
A |	0	0	0	23	0	0	0	1	9	
C |	0	23	0	0	23	5	0	0	0	
G |	23	0	0	0	0	0	23	6	5	
T |	0	0	23	0	0	18	0	16	9	
>dl_NBT_FBgn0000462
A |	0	0	2	18	18	8	2	0	0	7	
C |	0	0	0	0	0	0	8	32	30	20	
G |	32	32	24	0	0	0	0	0	0	5	
T |	0	0	6	14	14	24	22	0	2	0	
>run_Bgb_NBT_FBgn0013753
A |	13	28	29	0	0	7	0	30	22	
C |	3	0	0	31	30	1	31	0	0	
G |	0	2	2	0	1	23	0	0	9	
T |	15	1	0	0	0	0	0	1	0	
>run_Bgb_NBT_FBgn0003300
A |	13	28	29	0	0	7	0	30	22	
C |	3	0	0	31	30	1	31	0	0	
G |	0	2	2	0	1	23	0	0	9	
T |	15	1	0	0	0	0	0	1	0	
>Abd-A_FlyReg_FBgn0000014
A |	5	10	22	36	0	11	33	18	
C |	2	15	15	0	0	2	1	2	
G |	13	3	0	0	0	0	0	4	
T |	17	9	0	1	37	24	3	13	
>Abd-B_FlyReg_FBgn0000015
A |	1	1	6	0	7	7	6	5	
C |	2	5	0	0	0	0	0	0	
G |	0	1	1	0	0	0	0	1	
T |	4	0	0	7	0	0	1	1	
>Adf1_FlyReg_FBgn0000054
A |	1	0	5	0	0	0	0	2	
C |	6	0	0	6	4	0	7	0	
G |	0	7	2	0	0	7	0	5	
T |	0	0	0	1	3	0	0	0	
>Aef1_FlyReg_FBgn0005694
A |	0	3	3	0	2	3	0	2	
C |	3	0	0	3	0	0	3	0	
G |	0	0	0	0	0	0	0	0	
T |	0	0	0	0	1	0	0	1	
>Antp_FlyReg_FBgn0000095
A |	8	0	11	12	0	3	
C |	0	0	0	0	0	0	
G |	0	0	1	0	3	0	
T |	4	12	0	0	9	9	
>ap_FlyReg_FBgn0000099
A |	1	12	12	0	4	11	
C |	4	0	0	1	3	0	
G |	2	0	0	1	1	1	
T |	5	0	0	10	4	0	
>bab1_FlyReg_FBgn0004870
A |	1	6	0	2	4	2	0	3	0	0	
C |	0	0	0	0	0	0	0	0	0	0	
G |	0	0	0	0	1	0	0	3	0	1	
T |	5	0	6	4	1	4	6	0	6	5	
>bcd_FlyReg_FBgn0000166
A |	9	8	45	47	1	1	2	5	
C |	18	3	1	0	0	44	26	12	
G |	3	1	1	1	16	0	3	18	
T |	18	36	1	0	31	3	17	13	
>bin_FlyReg_FBgn0045759
A |	0	4	4	4	0	5	3	2	0	4	
C |	0	0	0	1	5	0	0	2	0	0	
G |	0	0	0	0	0	0	2	1	5	1	
T |	5	1	1	0	0	0	0	0	0	0	
>brk_FlyReg_FBgn0024250
A |	1	0	0	0	0	1	1	0	
C |	5	4	0	0	10	0	8	5	
G |	4	0	10	10	0	9	0	1	
T |	0	6	0	0	0	0	1	4	
>br-Z1_FlyReg_FBgn0000210
A |	12	12	9	0	14	1	11	16	
C |	0	2	0	3	0	4	3	1	
G |	2	3	0	0	2	9	2	0	
T |	3	0	8	14	1	3	1	0	
>br-Z2_FlyReg_FBgn0000210
A |	7	0	0	21	1	2	12	11	
C |	3	15	0	0	0	5	1	4	
G |	1	4	0	0	5	5	1	1	
T |	10	2	21	0	15	9	7	5	
>br-Z3_FlyReg_FBgn0000210
A |	7	12	10	1	0	7	0	0	
C |	3	1	0	11	0	0	0	0	
G |	3	0	6	0	1	3	10	1	
T |	3	3	0	4	15	6	6	15	
>br-Z4_FlyReg_FBgn0000210
A |	5	2	1	8	8	1	
C |	0	5	0	0	0	0	
G |	3	0	0	0	0	0	
T |	0	1	7	0	0	7	
>byn_FlyReg_FBgn0011723
A |	8	4	0	0	0	1	3	7	
C |	0	0	0	1	0	7	0	0	
G |	0	2	8	0	9	0	4	0	
T |	1	3	1	8	0	1	2	2	
>cad_FlyReg_FBgn0000251
A |	0	2	0	1	6	0	3	7	0	
C |	5	0	0	0	2	4	1	3	4	
G |	3	3	0	0	1	3	9	2	0	
T |	5	8	13	12	4	6	0	1	9	
>Cf2-II_FlyReg_FBgn0000286
A |	1	1	0	0	3	0	3	2	
C |	0	1	0	0	0	0	0	0	
G |	2	0	3	0	0	0	0	0	
T |	0	1	0	3	0	3	0	1	
>Deaf1_FlyReg_FBgn0013799
A |	0	0	0	0	0	1	
C |	3	0	10	0	0	3	
G |	0	0	0	10	5	4	
T |	7	10	0	0	5	2	
>Dfd_FlyReg_FBgn0000439
A |	1	1	15	15	0	1	8	0	
C |	2	0	1	1	0	0	0	5	
G |	2	0	0	0	0	5	6	2	
T |	11	15	0	0	16	10	2	9	
>dl_FlyReg_FBgn0000462
A |	2	8	3	33	34	36	24	4	8	8	
C |	8	4	0	1	2	0	1	12	23	24	
G |	22	26	34	4	0	1	2	3	2	4	
T |	6	0	1	0	2	1	11	19	5	2	
>Dref_FlyReg_FBgn0015664
A |	3	2	4	0	8	0	0	0	6	2	5	4	
C |	0	2	0	0	0	0	8	0	2	1	1	1	
G |	1	2	0	0	0	0	0	8	0	0	1	3	
T |	4	2	4	8	0	8	0	0	0	5	1	0	
>dsx-F_FlyReg_FBgn0000504
A |	0	0	2	0	2	3	2	0	0	0	2	0	1	3	
C |	3	0	0	3	0	0	0	0	0	1	0	1	1	0	
G |	0	0	1	0	0	0	0	3	0	1	1	0	0	0	
T |	0	3	0	0	1	0	1	0	3	1	0	2	1	0	
>dsx-M_FlyReg_FBgn0000504
A |	0	0	2	0	2	3	2	0	0	0	2	0	1	3	
C |	3	0	0	3	0	0	0	0	0	1	0	1	1	0	
G |	0	0	1	0	0	0	0	3	0	1	1	0	0	0	
T |	0	3	0	0	1	0	1	0	3	1	0	2	1	0	
>Eip74EF_FlyReg_FBgn0000567
A |	6	2	0	0	0	0	0	0	2	2	
C |	0	5	0	0	7	7	0	0	0	0	
G |	1	0	0	0	1	0	2	5	2	1	
T |	1	1	8	8	0	1	6	3	4	5	
>ems_FlyReg_FBgn0000576
A |	0	1	3	0	0	3	0	3	
C |	0	0	0	0	0	0	2	0	
G |	1	1	0	0	2	0	1	0	
T |	2	1	0	3	1	0	0	0	
>en_FlyReg_FBgn0000577
A |	20	5	7	38	52	0	0	27	
C |	3	15	7	0	0	2	6	0	
G |	18	12	0	4	0	2	14	26	
T |	12	21	39	11	1	49	33	0	
>Espl_FlyReg_FBgn0000591
A |	0	0	0	0	1	0	1	0	0	0	0	0	
C |	1	0	0	0	2	4	1	2	1	0	0	3	
G |	0	3	0	4	1	0	1	1	3	0	4	1	
T |	3	1	4	0	0	0	1	1	0	4	0	0	
>eve_FlyReg_FBgn0000606
A |	6	0	2	3	16	19	0	3	7	3	1	0	
C |	8	3	5	0	0	0	5	4	0	0	0	6	
G |	0	10	3	0	2	0	0	5	6	2	7	1	
T |	5	6	9	16	1	0	14	7	6	14	11	12	
>exd_FlyReg_FBgn0000611
A |	0	1	0	1	2	3	1	0	2	3	
C |	0	0	0	2	0	0	1	2	0	1	
G |	1	0	0	1	3	0	1	1	0	1	
T |	5	5	6	2	1	3	3	3	4	1	
>ey_FlyReg_FBgn0005558
A |	0	0	0	2	0	0	0	3	0	0	0	0	0	0	2	1	3	2	
C |	2	2	3	1	3	0	3	0	2	0	1	0	0	2	0	1	0	1	
G |	0	0	0	0	0	0	0	0	0	1	1	3	2	1	0	1	0	0	
T |	1	1	0	0	0	3	0	0	1	2	1	0	1	0	1	0	0	0	
>ftz-f1_FlyReg_FBgn0001078
A |	0	0	1	0	0	0	2	0	0	0	0	0	1	1	2	0	0	0	
C |	0	3	0	0	1	0	0	3	3	0	0	2	0	0	1	2	0	0	
G |	2	0	2	3	0	3	0	0	0	0	0	1	2	2	0	0	1	2	
T |	1	0	0	0	2	0	1	0	0	3	3	0	0	0	0	1	2	1	
>ftz_FlyReg_FBgn0001077
A |	19	16	7	39	56	6	11	54	
C |	4	14	40	25	9	0	7	3	
G |	31	22	6	0	0	0	2	3	
T |	12	14	13	2	1	60	46	6	
>gl_FlyReg_FBgn0004618
A |	5	0	0	0	1	4	3	0	1	3	0	2	
C |	0	0	0	0	2	1	0	0	1	0	0	1	
G |	0	1	0	1	2	0	0	4	2	2	0	0	
T |	0	4	5	4	0	0	2	1	1	0	5	2	
>grh_FlyReg_FBgn0259211
A |	2	0	0	1	0	0	0	2	3	1	
C |	6	1	0	0	1	0	3	1	2	3	
G |	0	0	6	6	0	0	1	1	3	0	
T |	0	7	2	1	7	8	4	4	0	4	
>gt_FlyReg_FBgn0001150
A |	3	0	5	0	0	6	0	0	0	5	5	2	
C |	0	0	0	0	0	2	5	0	3	0	1	0	
G |	0	1	2	0	5	0	2	4	0	0	0	1	
T |	5	7	1	8	3	0	1	4	5	3	2	5	
>hb_FlyReg_FBgn0001180
A |	17	0	1	0	0	1	59	20	
C |	13	0	5	1	0	4	7	17	
G |	7	3	1	0	0	0	29	14	
T |	66	100	96	102	103	98	8	52	
>HLHm5_FlyReg_FBgn0002631
A |	0	0	3	0	0	1	0	1	0	3	
C |	1	3	0	3	0	1	0	1	3	0	
G |	2	0	0	0	3	0	3	0	0	0	
T |	0	0	0	0	0	1	0	1	0	0	
>Hr46_FlyReg_FBgn0000448
A |	3	2	0	0	0	0	0	0	0	2	
C |	0	0	0	0	0	0	0	0	2	0	
G |	0	0	1	0	3	3	3	0	0	0	
T |	0	1	2	3	0	0	0	3	1	1	
>Hsf_FlyReg_FBgn0001222
A |	0	0	0	3	0	4	4	1	2	0	0	0	0	3	
C |	0	5	0	2	0	0	0	1	1	0	0	5	0	2	
G |	0	0	2	0	5	0	0	2	0	0	0	0	3	0	
T |	5	0	3	0	0	1	1	1	2	5	5	0	2	0	
>kni_FlyReg_FBgn0001320
A |	1	11	3	0	0	7	8	6	0	1	
C |	1	1	3	19	5	11	4	2	1	5	
G |	18	2	5	0	6	1	4	2	1	1	
T |	0	6	9	1	9	1	4	10	18	13	
>Kr_FlyReg_FBgn0001325
A |	37	33	20	2	4	6	1	8	28	16	
C |	0	6	11	0	1	3	3	4	6	8	
G |	4	1	9	40	37	35	4	4	5	5	
T |	3	4	4	2	2	0	36	28	5	15	
>Mad_FlyReg_FBgn0011648
A |	1	1	3	3	0	0	6	0	5	1	
C |	12	5	0	8	16	0	2	15	0	15	
G |	5	7	16	8	1	20	6	4	15	0	
T |	2	7	1	1	3	0	6	1	0	4	
>Med_FlyReg_FBgn0011655
A |	0	0	0	1	0	2	0	0	1	3	3	0	
C |	1	7	0	2	8	0	0	1	4	2	1	1	
G |	5	0	8	3	0	3	5	4	3	1	3	1	
T |	2	1	0	2	0	3	3	3	0	2	1	6	
>nub_FlyReg_FBgn0085424
A |	1	0	3	0	1	0	4	2	0	0	
C |	0	0	0	0	1	3	0	0	0	2	
G |	0	0	0	0	2	0	0	1	4	1	
T |	3	4	1	4	0	1	0	1	0	1	
>ovo_FlyReg_FBgn0003028
A |	0	3	0	0	0	11	2	5	
C |	12	6	0	1	0	0	7	2	
G |	0	0	12	0	0	1	1	0	
T |	0	3	0	11	12	0	2	5	
>pan_FlyReg_FBgn0085432
A |	4	2	2	2	0	17	8	7	
C |	10	3	0	0	2	0	0	11	
G |	3	0	1	0	20	5	0	3	
T |	8	20	22	23	3	3	17	4	
>pho_FlyReg_FBgn0002521
A |	2	0	1	1	0	1	4	0	0	0	0	0	1	2	
C |	0	3	2	0	0	1	0	0	0	0	5	1	1	3	
G |	3	2	1	3	1	0	1	0	5	5	0	1	1	0	
T |	0	0	1	1	4	3	0	5	0	0	0	3	2	0	
>prd_FlyReg_FBgn0003145
A |	2	5	9	0	1	8	2	2	
C |	9	5	0	0	0	1	7	4	
G |	0	1	2	0	2	0	0	4	
T |	0	0	0	11	8	2	2	1	
>sd_FlyReg_FBgn0003345
A |	3	8	4	14	1	3	0	3	4	5	5	4	
C |	0	1	8	0	1	0	8	5	1	6	1	3	
G |	8	1	1	0	0	1	0	3	2	3	7	4	
T |	3	4	1	0	12	10	6	3	7	0	1	3	
>slbo_FlyReg_FBgn0005638
A |	9	0	0	3	2	7	6	11	
C |	1	1	0	2	10	2	5	1	
G |	1	0	3	7	0	2	1	0	
T |	1	11	9	0	0	1	0	0	
>sna_FlyReg_FBgn0003448
A |	0	4	10	1	1	0	0	1	0	3	
C |	7	5	1	10	5	0	0	6	2	2	
G |	3	1	0	0	0	0	10	0	2	3	
T |	1	1	0	0	5	11	1	4	7	3	
>srp_FlyReg_FBgn0003507
A |	0	0	3	1	0	0	1	0	2	0	3	0	
C |	2	0	1	0	3	0	1	1	0	0	1	1	
G |	1	0	0	0	1	4	2	0	0	4	0	1	
T |	1	4	0	3	0	0	0	3	2	0	0	2	
>SuH_FlyReg_FBgn0004837
A |	1	2	0	0	0	0	0	0	3	1	1	1	0	0	
C |	0	0	0	0	0	2	1	3	0	2	1	0	0	2	
G |	0	1	3	0	0	0	0	0	0	0	1	0	0	1	
T |	2	0	0	3	3	1	2	0	0	0	0	2	3	0	
>suHw_FlyReg_FBgn0003567
A |	2	2	1	0	6	0	0	0	6	5	0	1	2	4	2	3	0	0	
C |	0	0	0	0	0	0	0	6	0	0	3	0	1	0	0	0	0	0	
G |	4	4	5	0	0	0	6	0	0	1	0	5	0	0	0	0	0	1	
T |	0	0	0	6	0	6	0	0	0	0	3	0	3	2	4	3	6	5	
>tin_FlyReg_FBgn0004110
A |	0	0	0	0	11	11	0	0	0	1	2	2	
C |	2	8	1	8	0	0	0	0	0	4	5	3	
G |	3	2	0	1	0	0	11	1	11	6	3	3	
T |	6	1	10	2	0	0	0	10	0	0	1	3	
>tll_FlyReg_FBgn0003720
A |	25	26	27	8	0	1	28	
C |	2	3	0	1	1	20	2	
G |	6	7	8	27	0	1	7	
T |	4	1	2	1	36	15	0	
>toy_FlyReg_FBgn0019650
A |	0	1	2	1	0	0	5	0	0	0	3	0	
C |	5	4	2	4	0	5	0	3	1	3	0	1	
G |	0	0	1	0	0	0	0	0	1	2	2	1	
T |	0	0	0	0	5	0	0	2	3	0	0	3	
>Trl_FlyReg_FBgn0013263
A |	4	6	12	0	3	1	13	5	7	9	
C |	22	23	6	64	0	70	0	54	13	33	
G |	9	11	30	3	14	0	2	7	11	10	
T |	36	31	23	4	54	0	56	5	40	19	
>ttk_FlyReg_FBgn0003870
A |	2	0	3	6	0	0	7	0	3	1	0	0	
C |	1	4	4	0	0	0	0	5	4	1	3	2	
G |	4	2	0	1	7	7	0	0	0	0	1	3	
T |	0	1	0	0	0	0	0	2	0	5	3	2	
>twi_FlyReg_FBgn0003900
A |	1	3	1	0	11	0	7	0	0	1	1	2	
C |	4	7	3	14	3	4	1	0	0	0	2	3	
G |	3	3	10	1	1	1	5	0	12	2	2	8	
T |	7	2	1	0	0	10	2	15	3	12	10	2	
>Ubx_FlyReg_FBgn0003944
A |	13	31	54	0	3	49	
C |	26	19	0	0	2	0	
G |	5	0	0	0	0	0	
T |	12	6	2	56	51	7	
>vnd_FlyReg_FBgn0003986
A |	1	0	2	0	0	0	0	3	1	1	
C |	0	3	0	3	0	0	1	0	0	2	
G |	2	0	0	0	0	0	2	0	2	0	
T |	0	0	1	0	3	3	0	0	0	0	
>vvl_FlyReg_FBgn0086680
A |	0	11	2	0	3	11	
C |	2	0	2	0	8	0	
G |	0	0	0	6	0	0	
T |	9	0	7	5	0	0	
>zen_FlyReg_FBgn0004053
A |	1	12	3	0	7	10	8	5	2	0	
C |	10	0	1	0	0	0	0	3	1	1	
G |	1	0	0	0	0	0	0	2	0	2	
T |	0	0	8	12	5	2	4	2	9	9	
>z_FlyReg_FBgn0004050
A |	11	1	1	41	1	8	2	18	10	14	
C |	3	7	0	0	0	10	6	7	5	6	
G |	5	3	40	0	40	0	29	11	12	2	
T |	22	30	0	0	0	23	4	5	14	19	
>AbdA_SOLEXA_FBgn0000014
A |	138	88	10	538	651	5	42	443	
C |	150	93	0	19	5	35	16	0	
G |	142	47	11	7	6	18	302	207	
T |	232	434	641	98	0	604	302	12	
>AbdB_SOLEXA_FBgn0000015
A |	619	344	61	1124	2704	55	449	1506	
C |	519	201	0	33	0	630	62	88	
G |	545	252	0	38	0	71	1301	845	
T |	1021	1907	2643	1509	0	1948	892	265	
>Achi_SOLEXA_FBgn0033749
A |	74	0	24	368	0	339	
C |	74	0	0	0	368	0	
G |	39	0	344	0	0	29	
T |	181	368	0	0	0	0	
>Al_SOLEXA_FBgn0000061
A |	55	79	35	2	424	422	0	5	207	
C |	102	100	217	0	10	12	0	3	5	
G |	43	122	9	0	0	0	10	24	108	
T |	90	78	173	432	0	0	424	402	10	
>Antp_SOLEXA_FBgn0000095
A |	326	220	106	1240	1502	1	101	907	
C |	401	305	0	75	60	117	52	21	
G |	322	133	16	15	0	58	722	565	
T |	513	904	1440	232	0	1386	687	69	
>Ap_SOLEXA_FBgn0000099
A |	446	132	2911	3028	24	355	2087	
C |	991	72	0	0	338	178	71	
G |	353	0	51	39	0	907	846	
T |	1277	2863	105	0	2705	1627	63	
>Ara_SOLEXA_FBgn0015904
A |	155	97	193	313	0	313	
C |	36	0	0	0	313	0	
G |	44	45	38	0	0	0	
T |	78	171	82	0	0	0	
>Awh_SOLEXA_FBgn0013751
A |	9	4	163	171	0	3	124	
C |	74	0	2	5	7	2	4	
G |	12	1	10	0	2	55	46	
T |	81	171	1	0	167	116	2	
>Bap_SOLEXA_FBgn0004862
A |	55	34	2	330	306	3	17	116	
C |	112	61	0	1	26	2	12	2	
G |	99	25	3	0	0	244	34	214	
T |	66	212	327	1	0	83	269	0	
>Bcd_SOLEXA_FBgn0000166
A |	26	22	216	213	0	1	23	
C |	61	3	0	3	2	189	112	
G |	27	1	0	0	20	3	15	
T |	100	189	0	0	194	23	31	
>BH1_SOLEXA_FBgn0011758
A |	0	2484	2484	708	172	548	
C |	0	0	0	0	636	0	
G |	0	0	0	67	212	1838	
T |	2484	0	0	1709	1464	98	
>BH2_SOLEXA_FBgn0004854
A |	168	182	31	917	917	218	75	263	
C |	212	209	0	0	0	0	261	93	
G |	289	56	0	0	0	34	105	541	
T |	248	470	886	0	0	665	476	20	
>Bsh_SOLEXA_FBgn0000529
A |	291	21	1303	1320	17	24	779	
C |	327	0	20	17	180	205	15	
G |	176	34	8	10	55	591	482	
T |	553	1292	16	0	1095	527	71	
>Btn_SOLEXA_FBgn0014949
A |	87	5	509	521	0	4	409	
C |	132	4	8	4	19	20	0	
G |	61	0	5	1	17	245	102	
T |	246	517	4	0	490	257	15	
>C15_SOLEXA_FBgn0004863
A |	158	128	0	862	891	211	98	565	
C |	206	120	0	0	0	80	64	0	
G |	216	77	0	0	0	56	309	326	
T |	311	566	891	29	0	544	420	0	
>Cad_SOLEXA_FBgn0000251
A |	346	128	180	638	1420	0	205	810	
C |	246	135	15	10	0	120	17	22	
G |	310	116	6	51	0	33	397	559	
T |	518	1041	1219	721	0	1267	801	29	
>Caup_SOLEXA_FBgn0015919
A |	999	577	1415	2904	2	2904	
C |	460	201	0	0	2902	0	
G |	626	639	511	0	0	0	
T |	819	1487	978	0	0	0	
>Ct_SOLEXA_FBgn0004198
A |	60	58	22	10	0	167	325	285	0	
C |	55	88	142	50	13	0	0	0	325	
G |	98	79	128	29	29	158	0	6	0	
T |	112	100	33	236	283	0	0	34	0	
>Dfd_SOLEXA_FBgn0000439
A |	346	180	46	1424	1435	0	60	965	
C |	504	533	5	146	152	87	55	88	
G |	384	211	99	13	3	151	917	483	
T |	356	666	1440	7	0	1352	558	54	
>Dll_SOLEXA_FBgn0000157
A |	154	1561	1480	0	170	760	
C |	10	133	214	0	201	102	
G |	26	0	0	80	441	646	
T |	1504	0	0	1614	882	186	
>Dr_SOLEXA_FBgn0000492
A |	0	495	486	0	0	221	
C |	0	52	68	0	6	10	
G |	0	0	0	8	18	306	
T |	554	7	0	546	530	17	
>E5_SOLEXA_FBgn0008646
A |	462	378	3464	3649	238	697	2207	
C |	1283	79	0	0	57	206	94	
G |	466	0	129	43	125	1071	1086	
T |	1481	3235	99	0	3272	1718	305	
>Ems_SOLEXA_FBgn0000576
A |	38	11	452	465	8	42	353	
C |	187	4	13	13	3	3	9	
G |	54	25	9	0	42	145	110	
T |	199	438	4	0	425	288	6	
>En_SOLEXA_FBgn0000577
A |	255	178	1261	1674	3	88	993	
C |	376	20	0	0	0	15	0	
G |	213	0	211	0	0	259	681	
T |	830	1476	202	0	1671	1312	0	
>Eve_SOLEXA_FBgn0000606
A |	63	14	0	275	268	0	6	210	
C |	75	109	0	5	8	12	28	9	
G |	92	22	12	0	0	10	94	56	
T |	50	135	268	0	4	258	152	5	
>Exd_SOLEXA_FBgn0000611
A |	258	160	134	0	0	883	55	521	
C |	152	172	40	0	0	0	505	26	
G |	207	143	168	0	883	0	0	259	
T |	266	408	541	883	0	0	323	77	
>Exex_SOLEXA_FBgn0041156
A |	41	3548	3548	0	178	1707	
C |	0	0	0	0	595	68	
G |	0	0	0	0	891	1461	
T |	3507	0	0	3548	1884	312	
>Ftz_SOLEXA_FBgn0001077
A |	34	15	347	347	0	0	270	
C |	69	10	0	0	0	5	0	
G |	56	26	0	0	45	138	77	
T |	188	296	0	0	302	204	0	
>Gsc_SOLEXA_FBgn0010323
A |	259	26	1266	1277	0	22	94	
C |	381	17	0	0	14	1128	705	
G |	211	0	11	18	11	19	130	
T |	444	1252	18	0	1270	126	366	
>H2.0_SOLEXA_FBgn0001170
A |	164	58	171	500	23	9	312	165	
C |	28	13	2	16	0	39	10	140	
G |	71	31	20	0	53	99	175	146	
T |	262	423	332	9	449	378	28	74	
>Hbn_SOLEXA_FBgn0008636
A |	282	222	51	1461	1483	0	44	1013	
C |	381	489	69	59	51	0	43	14	
G |	473	187	115	8	0	212	250	428	
T |	398	636	1299	6	0	1322	1197	79	
>Hgtx_SOLEXA_FBgn0040318
A |	189	166	1	488	562	7	60	446	
C |	78	33	11	14	18	6	9	7	
G |	101	51	18	30	1	52	194	116	
T |	213	331	551	49	0	516	318	12	
>Hmx_SOLEXA_FBgn0085448
A |	32	0	360	351	0	0	79	
C |	47	0	5	14	0	39	0	
G |	49	25	0	0	69	61	268	
T |	237	340	0	0	296	265	18	
>Hth_SOLEXA_FBgn0001235
A |	89	0	0	403	0	344	
C |	87	0	0	41	444	60	
G |	120	56	444	0	0	40	
T |	148	388	0	0	0	0	
>Lab_SOLEXA_FBgn0002522
A |	105	24	807	945	0	32	718	
C |	236	0	0	0	0	38	0	
G |	93	0	49	0	0	309	227	
T |	511	921	89	0	945	566	0	
>Lag1_SOLEXA_FBgn0040918
A |	1	3	186	2	19	206	128	108	75	34	
C |	221	72	32	197	124	0	16	31	11	44	
G |	0	0	5	0	9	9	38	12	20	14	
T |	1	148	0	24	71	8	41	72	117	131	
>Lbe_SOLEXA_FBgn0011278
A |	36	14	292	302	0	33	248	
C |	92	0	10	0	105	70	12	
G |	31	13	0	0	25	81	42	
T |	143	275	0	0	172	118	0	
>Lbl_SOLEXA_FBgn0008651
A |	191	190	20	983	985	39	120	715	
C |	260	288	51	0	0	245	203	69	
G |	315	62	0	0	0	37	240	174	
T |	219	445	914	2	0	664	422	27	
>Lim1_SOLEXA_FBgn0026411
A |	158	47	1023	1068	5	31	781	
C |	276	55	0	0	8	13	2	
G |	99	0	30	0	0	84	266	
T |	535	966	15	0	1055	940	19	
>Lim3_SOLEXA_FBgn0002023
A |	59	36	272	357	0	12	264	
C |	106	5	38	37	0	7	26	
G |	42	7	76	0	12	58	94	
T |	187	346	8	0	382	317	10	
>Mirr_SOLEXA_FBgn0014343
A |	550	410	782	1415	0	1415	
C |	158	93	0	0	1415	0	
G |	327	282	204	0	0	0	
T |	380	630	429	0	0	0	
>NK7.1_SOLEXA_FBgn0024321
A |	150	53	1200	1227	83	225	509	
C |	260	12	80	68	0	43	13	
G |	162	81	0	0	205	301	737	
T |	723	1149	15	0	1007	726	36	
>Oc_SOLEXA_FBgn0004102
A |	98	12	514	494	0	3	23	36	
C |	171	0	26	52	0	508	334	116	
G |	77	24	0	0	51	0	18	89	
T |	200	510	6	0	495	35	96	56	
>Odsh_SOLEXA_FBgn0026058
A |	205	175	21	1048	1070	0	36	497	
C |	289	287	12	0	0	8	9	16	
G |	326	120	0	12	0	6	92	495	
T |	250	488	1037	10	0	1056	933	62	
>onecut_SOLEXA_FBgn0028996
A |	42	13	0	95	266	0	0	165	
C |	81	33	0	5	18	0	4	3	
G |	74	37	22	184	0	12	31	75	
T |	87	201	262	0	0	272	249	41	
>Optix_SOLEXA_FBgn0025360
A |	204	183	139	0	0	564	0	504	
C |	91	111	93	67	0	0	0	43	
G |	126	119	216	0	564	0	0	17	
T |	143	151	116	497	0	0	564	0	
>Otp_SOLEXA_FBgn0015524
A |	70	7	551	551	4	20	370	
C |	198	2	6	11	6	25	2	
G |	52	4	5	4	6	60	179	
T |	246	553	4	0	550	461	15	
>Pb_SOLEXA_FBgn0051481
A |	23	5	215	220	1	0	176	
C |	67	4	3	0	2	3	0	
G |	24	0	1	0	0	106	34	
T |	106	211	1	0	217	111	10	
>PhdP_SOLEXA_FBgn0025334
A |	101	17	745	760	0	37	
C |	227	0	0	0	0	20	
G |	67	0	0	0	0	52	
T |	365	743	15	0	760	651	
>Pph13_SOLEXA_FBgn0023489
A |	59	3	495	495	0	15	297	
C |	179	3	1	1	2	11	15	
G |	26	3	0	0	3	23	154	
T |	234	489	2	2	493	449	32	
>Ptx1_SOLEXA_FBgn0020912
A |	71	52	3	359	352	0	0	4	
C |	87	110	11	0	4	4	361	329	
G |	139	14	0	3	6	3	0	6	
T |	65	186	348	0	0	355	1	23	
>Repo_SOLEXA_FBgn0011701
A |	81	34	768	821	0	18	507	
C |	172	17	0	0	0	13	36	
G |	46	0	7	0	0	93	267	
T |	522	770	46	0	821	697	11	
>Ro_SOLEXA_FBgn0003267
A |	62	3	319	327	2	1	231	
C |	95	0	2	0	0	5	2	
G |	36	0	2	1	1	50	94	
T |	135	325	5	0	325	272	1	
>Rx_SOLEXA_FBgn0020617
A |	148	8	909	937	3	16	562	
C |	294	13	18	0	1	21	18	
G |	91	0	3	8	7	48	323	
T |	412	924	15	0	934	860	42	
>Scr_SOLEXA_FBgn0003339
A |	180	55	1276	1410	0	103	867	
C |	357	0	0	0	88	25	49	
G |	124	0	0	0	0	701	445	
T |	749	1355	134	0	1322	581	49	
>Six4_SOLEXA_FBgn0027364
A |	247	260	192	0	43	637	0	597	
C |	93	91	84	38	0	0	128	40	
G |	116	83	167	0	556	0	126	0	
T |	181	203	194	599	38	0	383	0	
>Slou_SOLEXA_FBgn0002941
A |	231	32	1229	1236	48	133	656	
C |	347	26	0	0	2	109	25	
G |	127	0	9	15	10	274	534	
T |	546	1193	13	0	1191	735	36	
>So_SOLEXA_FBgn0003460
A |	168	157	171	2	12	531	0	531	
C |	102	92	87	58	0	0	8	0	
G |	95	117	151	4	519	0	14	0	
T |	166	165	122	467	0	0	509	0	
>Tin_SOLEXA_FBgn0004110
A |	181	282	56	1520	1640	0	202	657	
C |	563	232	688	0	0	0	40	0	
G |	346	49	127	120	0	1379	136	976	
T |	550	1077	769	0	0	261	1262	7	
>Tup_SOLEXA_FBgn0003896
A |	31	11	381	381	0	13	128	
C |	141	0	0	0	0	0	7	
G |	18	0	0	0	36	164	227	
T |	191	370	0	0	345	204	19	
>Ubx_SOLEXA_FBgn0003944
A |	53	29	6	199	263	0	15	190	
C |	45	18	0	0	0	23	4	0	
G |	49	8	2	0	3	0	130	70	
T |	119	211	258	67	0	243	117	6	
>Unc4_SOLEXA_FBgn0024184
A |	181	131	20	943	953	0	35	458	
C |	308	298	7	11	7	14	20	14	
G |	222	113	8	2	0	28	85	428	
T |	249	418	925	4	0	918	820	60	
>Unpg_SOLEXA_FBgn0015561
A |	159	34	899	899	0	10	514	
C |	295	0	3	6	0	46	9	
G |	113	2	7	7	10	138	382	
T |	345	876	3	0	902	718	7	
>Vis_SOLEXA_FBgn0033748
A |	68	0	0	354	0	318	
C |	53	0	0	0	354	0	
G |	34	0	341	0	0	36	
T |	199	354	13	0	0	0	
>Vnd_SOLEXA_FBgn0003986
A |	117	173	25	958	1117	3	214	469	
C |	402	64	557	17	42	7	24	2	
G |	247	12	210	191	5	1138	78	683	
T |	402	919	376	2	4	20	852	14	
>Zen_SOLEXA_FBgn0004053
A |	92	41	16	410	412	0	5	376	
C |	134	160	2	11	9	9	2	3	
G |	112	38	0	0	0	0	210	42	
T |	83	182	403	0	0	412	204	0	
>Zen2_SOLEXA_FBgn0004054
A |	149	90	1207	1248	3	59	924	
C |	395	0	0	0	81	2	0	
G |	130	0	28	0	0	577	312	
T |	574	1158	13	0	1164	610	12	
>CG11085_SOLEXA_FBgn0030408
A |	69	90	10	396	422	141	35	93	70	67	
C |	119	92	2	0	0	0	118	3	121	147	
G |	104	37	1	2	1	32	74	274	161	60	
T |	131	204	410	25	0	250	196	53	71	149	
>CG11294_SOLEXA_FBgn0030058
A |	92	9	579	583	0	19	356	
C |	160	11	2	1	0	19	20	
G |	70	0	2	0	10	41	169	
T |	262	564	1	0	574	505	39	
>CG11617_SOLEXA_FBgn0031232
A |	370	281	352	133	483	1159	7	1148	
C |	201	262	176	167	0	0	1152	2	
G |	211	257	176	20	283	0	0	9	
T |	377	359	455	839	393	0	0	0	
>CG12361_SOLEXA_FBgn0250756
A |	179	119	42	429	706	4	62	459	
C |	132	69	10	9	0	10	14	15	
G |	103	29	0	44	17	0	250	231	
T |	309	506	671	241	0	709	397	18	
>CG13424_SOLEXA_FBgn0034520
A |	25	0	284	284	0	30	144	
C |	75	0	0	0	0	0	0	
G |	20	0	0	0	0	58	140	
T |	164	284	0	0	284	196	0	
>CG15696_SOLEXA_FBgn0038833
A |	108	74	70	354	549	0	1	233	
C |	125	103	10	0	0	2	1	0	
G |	115	56	11	71	3	11	11	318	
T |	204	319	461	127	0	539	539	1	
>CG18599_SOLEXA_FBgn0038592
A |	56	5	526	533	0	44	505	
C |	201	0	28	25	5	3	9	
G |	46	5	0	0	11	226	44	
T |	255	548	4	0	542	285	0	
>CG32105_SOLEXA_FBgn0052105
A |	419	325	279	1163	1753	4	38	1277	
C |	416	356	53	13	1	18	38	3	
G |	347	236	13	64	14	80	246	481	
T |	587	852	1424	529	1	1667	1447	8	
>CG32532_SOLEXA_FBgn0052532
A |	101	11	631	639	0	37	368	
C |	202	0	10	11	3	10	19	
G |	68	0	9	0	16	63	234	
T |	279	639	0	0	631	540	29	
>CG33980_SOLEXA_FBgn0053980
A |	30	38	0	185	199	0	0	131	
C |	32	47	0	0	0	10	7	0	
G |	76	9	0	0	0	0	12	68	
T |	61	105	199	14	0	189	180	0	
>CG34031_SOLEXA_FBgn0054031
A |	147	88	0	751	945	142	222	368	
C |	211	152	0	0	0	59	53	0	
G |	212	54	0	0	0	21	164	559	
T |	375	651	945	194	0	723	506	18	
>CG4136_SOLEXA_FBgn0029775
A |	100	12	620	632	0	33	376	
C |	178	2	4	1	0	14	8	
G |	71	3	7	0	11	70	218	
T |	284	616	2	0	622	516	31	
>CG4328_SOLEXA_FBgn0036274
A |	289	222	217	576	1043	4	0	715	
C |	212	158	3	0	2	0	5	1	
G |	182	177	8	40	0	16	153	324	
T |	362	488	817	429	0	1025	887	5	
>CG7056_SOLEXA_FBgn0038852
A |	214	60	22	830	1036	7	282	749	
C |	185	353	308	0	0	139	14	0	
G |	145	29	297	141	0	122	164	287	
T |	492	594	409	65	0	768	576	0	
>CG9876_SOLEXA_FBgn0034821
A |	53	4	305	309	0	5	182	
C |	91	2	4	0	0	0	7	
G |	21	0	0	0	0	15	108	
T |	144	303	0	0	309	289	12	
>dsf_SANGER_5_FBgn0015381
A |	18	18	23	22	0	0	0	22	11	11	
C |	1	0	0	0	0	0	21	0	4	8	
G |	2	4	0	0	23	0	0	1	3	0	
T |	2	1	0	1	0	23	2	0	5	4	
>EcR_SANGER_5_FBgn0000546
A |	9	0	0	14	0	0	0	0	
C |	0	0	0	0	13	14	2	7	
G |	0	0	14	0	1	0	0	0	
T |	5	14	0	0	0	0	12	7	
>eg_SANGER_5_FBgn0000560
A |	9	12	17	16	3	0	17	0	10	0	0	15	6	
C |	1	1	0	0	4	1	0	0	0	1	17	0	7	
G |	7	1	0	0	4	1	0	17	7	14	0	2	4	
T |	0	3	0	1	6	15	0	0	0	2	0	0	0	
>Eip78C_SANGER_5_FBgn0004865
A |	16	0	0	0	0	20	
C |	0	1	0	0	22	0	
G |	6	21	22	1	0	2	
T |	0	0	0	21	0	0	
>ERR_SANGER_5_FBgn0035849
A |	7	23	24	0	0	0	0	22	
C |	14	0	0	0	0	0	21	0	
G |	3	0	0	24	24	2	0	2	
T |	0	1	0	0	0	22	3	0	
>Hnf4_SANGER_10_FBgn0004914
A |	0	0	18	2	0	0	0	5	2	3	8	12	6	12	9	
C |	0	0	0	17	19	18	17	4	9	10	2	4	6	5	4	
G |	0	19	1	0	0	0	0	6	6	6	2	3	4	1	0	
T |	19	0	0	0	0	1	2	4	2	0	7	0	3	1	6	
>Hnf4_SANGER_5_FBgn0004914
A |	3	0	0	20	2	0	0	1	
C |	2	0	0	0	18	20	18	17	
G |	3	2	20	0	0	0	0	0	
T |	11	17	0	0	0	0	2	2	
>Hr4_SANGER_5_FBgn0023546
A |	16	17	1	0	0	0	16	
C |	0	0	0	0	0	17	1	
G |	1	0	16	17	0	0	0	
T |	0	0	0	0	17	0	0	
>Hr46_SANGER_5_FBgn0000448
A |	0	1	18	0	0	0	12	4	9	4	
C |	4	0	0	20	21	5	3	6	0	1	
G |	0	20	0	1	0	0	4	5	0	5	
T |	17	0	3	0	0	16	2	6	12	11	
>Hr78_SANGER_5_FBgn0015239
A |	10	7	15	0	0	0	0	19	
C |	3	3	1	0	0	1	19	0	
G |	1	8	3	19	19	0	0	0	
T |	5	1	0	0	0	18	0	0	
>Hr83_SANGER_5_FBgn0037436
A |	11	16	15	2	0	0	18	5	8	5	4	8	0	7	
C |	2	1	0	0	0	18	0	7	5	6	2	3	3	8	
G |	5	1	3	16	0	0	0	3	2	7	2	5	13	0	
T |	0	0	0	0	18	0	0	3	3	0	10	2	2	2	
>kni_SANGER_5_FBgn0001320
A |	13	14	23	21	3	0	17	1	13	3	0	23	
C |	3	1	0	0	7	2	0	0	1	3	23	0	
G |	6	1	0	0	8	3	6	22	9	12	0	0	
T |	0	7	0	2	5	18	0	0	0	5	0	0	
>svp_SANGER_5_FBgn0003651
A |	10	10	0	0	0	0	13	
C |	3	0	0	0	0	14	0	
G |	1	4	14	14	0	0	1	
T |	0	0	0	0	14	0	0	
>usp_SANGER_5_FBgn0003964
A |	11	9	15	0	0	0	0	21	9	
C |	6	0	0	0	0	0	21	0	7	
G |	0	12	6	21	21	0	0	0	1	
T |	4	0	0	0	0	21	0	0	4	
>bin_SANGER_5_FBgn0045759
A |	9	0	20	20	20	0	19	
C |	0	0	0	0	0	20	0	
G |	10	0	0	0	0	0	0	
T |	1	20	0	0	0	0	1	
>CG16899_SANGER_5_FBgn0037735
A |	6	10	1	21	20	21	0	21	15	
C |	5	2	2	0	0	0	18	0	2	
G |	8	8	0	0	0	0	0	0	0	
T |	0	0	18	0	1	0	3	0	4	
>fd64A_SANGER_5_FBgn0004895
A |	3	7	4	20	19	20	0	20	
C |	0	5	3	0	1	0	17	0	
G |	4	6	0	0	0	0	0	0	
T |	13	2	13	0	0	0	3	0	
>foxo_SANGER_10_FBgn0038197
A |	0	2	0	0	3	12	1	2	11	
C |	0	0	0	0	0	0	11	3	3	
G |	0	18	0	4	1	0	0	12	6	
T |	20	0	20	16	16	8	8	3	0	
>slp2_SANGER_5_FBgn0004567
A |	6	0	18	18	18	0	18	11	
C |	0	1	0	0	0	18	0	3	
G |	12	0	0	0	0	0	0	3	
T |	0	17	0	0	0	0	0	1	
>cic_SANGER_5_FBgn0028386
A |	1	0	0	18	0	0	0	18	
C |	10	11	18	0	0	0	10	0	
G |	0	0	0	0	0	0	8	0	
T |	6	7	0	0	18	18	0	0	
>Sox14_SANGER_10_FBgn0005612
A |	5	1	0	0	4	0	0	0	0	0	1	
C |	9	7	14	16	0	0	0	0	0	11	15	
G |	6	2	2	0	0	0	0	20	0	2	0	
T |	0	10	4	4	16	20	20	0	20	7	4	
>Sox15_SANGER_5_FBgn0005613
A |	12	13	21	0	21	21	3	6	
C |	1	2	0	21	0	0	0	0	
G |	5	2	0	0	0	0	0	14	
T |	3	4	0	0	0	0	18	1	
>Atf-2_SANGER_5_FBgn0050420
A |	5	0	0	7	1	0	0	0	7	0	2	
C |	0	1	4	0	7	0	0	8	0	0	5	
G |	3	0	4	0	0	8	0	0	1	0	0	
T |	0	7	0	1	0	0	8	0	0	8	1	
>CrebA_SANGER_5_FBgn0004396
A |	1	0	1	0	20	0	0	0	8	11	3	1	
C |	3	0	13	14	0	20	0	0	6	0	6	14	
G |	3	20	0	6	0	0	20	0	6	4	5	2	
T |	13	0	6	0	0	0	0	20	0	5	6	2	
>vri_SANGER_5_FBgn0016076
A |	12	0	0	18	0	5	0	14	18	0	9	
C |	4	0	0	0	14	0	4	4	0	13	6	
G |	1	0	1	0	0	13	0	0	0	0	0	
T |	0	18	17	0	4	0	14	0	0	5	2	
>ac_da_SANGER_5_FBgn0000022
A |	10	0	19	0	0	0	0	0	
C |	1	19	0	18	19	0	0	15	
G |	7	0	0	1	0	0	19	0	
T |	1	0	0	0	0	19	0	4	
>ac_da_SANGER_5_FBgn0000413
A |	10	0	19	0	0	0	0	0	
C |	1	19	0	18	19	0	0	15	
G |	7	0	0	1	0	0	19	0	
T |	1	0	0	0	0	19	0	4	
>amos_da_SANGER_10_FBgn0000413
A |	13	7	0	23	0	7	0	0	2	2	6	
C |	1	13	23	0	7	16	0	0	9	13	7	
G |	8	0	0	0	1	0	0	23	6	3	10	
T |	1	3	0	0	15	0	23	0	6	5	0	
>amos_da_SANGER_10_FBgn0003270
A |	13	7	0	23	0	7	0	0	2	2	6	
C |	1	13	23	0	7	16	0	0	9	13	7	
G |	8	0	0	0	1	0	0	23	6	3	10	
T |	1	3	0	0	15	0	23	0	6	5	0	
>ase_da_SANGER_10_FBgn0000137
A |	0	23	0	0	0	0	0	
C |	22	0	19	23	0	0	17	
G |	1	0	1	0	0	23	0	
T |	0	0	3	0	23	0	6	
>ase_da_SANGER_10_FBgn0000413
A |	0	23	0	0	0	0	0	
C |	22	0	19	23	0	0	17	
G |	1	0	1	0	0	23	0	
T |	0	0	3	0	23	0	6	
>ato_da_SANGER_10_FBgn0000413
A |	8	0	23	0	8	0	0	7	0	11	3	
C |	11	23	0	14	15	0	0	3	19	3	13	
G |	4	0	0	1	0	0	23	3	0	7	2	
T |	0	0	0	8	0	23	0	10	4	2	5	
>ato_da_SANGER_10_FBgn0010433
A |	8	0	23	0	8	0	0	7	0	11	3	
C |	11	23	0	14	15	0	0	3	19	3	13	
G |	4	0	0	1	0	0	23	3	0	7	2	
T |	0	0	0	8	0	23	0	10	4	2	5	
>cato_da_SANGER_10_FBgn0000413
A |	9	11	0	22	2	7	1	0	12	0	
C |	11	5	23	0	6	15	0	0	2	19	
G |	1	7	0	1	10	1	0	23	3	0	
T |	2	0	0	0	5	0	22	0	6	4	
>cato_da_SANGER_10_FBgn0024249
A |	9	11	0	22	2	7	1	0	12	0	
C |	11	5	23	0	6	15	0	0	2	19	
G |	1	7	0	1	10	1	0	23	3	0	
T |	2	0	0	0	5	0	22	0	6	4	
>CG33557_da_SANGER_5_FBgn0000413
A |	7	0	19	0	17	0	2	1	5	11	7	6	7	11	5	15	4	10	11	8	14	
C |	13	23	1	7	6	1	0	3	9	4	10	6	6	10	8	4	9	4	5	9	2	
G |	3	0	3	12	0	1	18	11	3	8	0	8	8	0	6	0	3	2	4	2	0	
T |	0	0	0	4	0	21	3	8	6	0	6	3	2	2	4	4	7	7	3	2	1	
>CG33557_da_SANGER_5_FBgn0053557
A |	7	0	19	0	17	0	2	1	5	11	7	6	7	11	5	15	4	10	11	8	14	
C |	13	23	1	7	6	1	0	3	9	4	10	6	6	10	8	4	9	4	5	9	2	
G |	3	0	3	12	0	1	18	11	3	8	0	8	8	0	6	0	3	2	4	2	0	
T |	0	0	0	4	0	21	3	8	6	0	6	3	2	2	4	4	7	7	3	2	1	
>Clk_cyc_SANGER_5_FBgn0023076
A |	10	0	18	0	0	0	0	11	
C |	10	20	0	20	0	0	0	3	
G |	0	0	0	0	20	0	20	5	
T |	0	0	2	0	0	20	0	1	
>Clk_cyc_SANGER_5_FBgn0023094
A |	10	0	18	0	0	0	0	11	
C |	10	20	0	20	0	0	0	3	
G |	0	0	0	0	20	0	20	5	
T |	0	0	2	0	0	20	0	1	
>dei_da_SANGER_5_FBgn0000413
A |	13	7	0	17	0	6	0	0	1	5	
C |	4	10	17	0	9	11	0	0	0	4	
G |	0	0	0	0	0	0	0	17	5	0	
T |	0	0	0	0	8	0	17	0	11	8	
>dei_da_SANGER_5_FBgn0008649
A |	13	7	0	17	0	6	0	0	1	5	
C |	4	10	17	0	9	11	0	0	0	4	
G |	0	0	0	0	0	0	0	17	5	0	
T |	0	0	0	0	8	0	17	0	11	8	
>dimm_da_SANGER_5_FBgn0000413
A |	1	8	3	0	19	0	19	0	0	0	6	
C |	14	1	15	19	0	0	0	0	0	0	0	
G |	0	10	1	0	0	1	0	0	19	15	4	
T |	4	0	0	0	0	18	0	19	0	4	9	
>dimm_da_SANGER_5_FBgn0023091
A |	1	8	3	0	19	0	19	0	0	0	6	
C |	14	1	15	19	0	0	0	0	0	0	0	
G |	0	10	1	0	0	1	0	0	19	15	4	
T |	4	0	0	0	0	18	0	19	0	4	9	
>dm_Max_SANGER_10_FBgn0000472
A |	9	9	0	24	0	1	0	0	1	5	
C |	1	8	24	0	24	0	0	0	3	1	
G |	12	4	0	0	0	23	0	24	20	5	
T |	2	3	0	0	0	0	24	0	0	13	
>dm_Max_SANGER_10_FBgn0017578
A |	9	9	0	24	0	1	0	0	1	5	
C |	1	8	24	0	24	0	0	0	3	1	
G |	12	4	0	0	0	23	0	24	20	5	
T |	2	3	0	0	0	0	24	0	0	13	
>dys_tgo_SANGER_5_FBgn0015014
A |	15	6	0	0	23	0	0	23	6	4	2	
C |	1	1	1	23	0	23	0	0	8	5	7	
G |	4	16	1	0	0	0	23	0	0	0	2	
T |	3	0	21	0	0	0	0	0	9	14	12	
>dys_tgo_SANGER_5_FBgn0039411
A |	15	6	0	0	23	0	0	23	6	4	2	
C |	1	1	1	23	0	23	0	0	8	5	7	
G |	4	16	1	0	0	0	23	0	0	0	2	
T |	3	0	21	0	0	0	0	0	9	14	12	
>Fer1_da_SANGER_10_FBgn0000413
A |	11	11	0	23	0	6	0	0	8	0	14	
C |	6	6	23	0	15	14	0	0	3	17	4	
G |	1	6	0	0	8	3	0	23	2	3	4	
T |	5	0	0	0	0	0	23	0	10	3	1	
>Fer1_da_SANGER_10_FBgn0037475
A |	11	11	0	23	0	6	0	0	8	0	14	
C |	6	6	23	0	15	14	0	0	3	17	4	
G |	1	6	0	0	8	3	0	23	2	3	4	
T |	5	0	0	0	0	0	23	0	10	3	1	
>Fer3_da_SANGER_5_FBgn0000413
A |	2	18	1	3	0	0	3	0	11	3	
C |	17	0	5	15	1	0	2	7	4	15	
G |	0	1	8	1	0	19	0	4	2	0	
T |	0	0	5	0	18	0	14	8	2	1	
>Fer3_da_SANGER_5_FBgn0037937
A |	2	18	1	3	0	0	3	0	11	3	
C |	17	0	5	15	1	0	2	7	4	15	
G |	0	1	8	1	0	19	0	4	2	0	
T |	0	0	5	0	18	0	14	8	2	1	
>HLH4C_da_SANGER_5_FBgn0000413
A |	9	12	11	11	10	0	23	0	1	0	0	9	2	5	3	
C |	9	3	6	6	6	23	0	21	22	0	1	10	4	10	17	
G |	5	5	2	1	7	0	0	1	0	0	22	1	11	5	2	
T |	0	3	4	5	0	0	0	1	0	23	0	3	6	3	1	
>HLH4C_da_SANGER_5_FBgn0011277
A |	9	12	11	11	10	0	23	0	1	0	0	9	2	5	3	
C |	9	3	6	6	6	23	0	21	22	0	1	10	4	10	17	
G |	5	5	2	1	7	0	0	1	0	0	22	1	11	5	2	
T |	0	3	4	5	0	0	0	1	0	23	0	3	6	3	1	
>HLH54F_da_SANGER_5_FBgn0000413
A |	12	12	0	24	0	0	0	0	0	0	7	
C |	10	10	23	0	24	23	1	0	10	6	7	
G |	1	2	0	0	0	0	2	24	1	3	9	
T |	1	0	1	0	0	1	21	0	13	14	0	
>HLH54F_da_SANGER_5_FBgn0022740
A |	12	12	0	24	0	0	0	0	0	0	7	
C |	10	10	23	0	24	23	1	0	10	6	7	
G |	1	2	0	0	0	0	2	24	1	3	9	
T |	1	0	1	0	0	1	21	0	13	14	0	
>l(1)sc_da_SANGER_5_FBgn0000413
A |	4	0	21	1	0	0	1	
C |	0	23	0	0	0	0	0	
G |	19	0	1	22	22	0	22	
T |	0	0	1	0	1	23	0	
>l(1)sc_da_SANGER_5_FBgn0002561
A |	4	0	21	1	0	0	1	
C |	0	23	0	0	0	0	0	
G |	19	0	1	22	22	0	22	
T |	0	0	1	0	1	23	0	
>nau_da_SANGER_5_FBgn0000413
A |	0	22	0	0	0	0	0	1	
C |	16	0	22	22	0	0	9	14	
G |	1	0	0	0	0	22	0	1	
T |	0	0	0	0	22	0	13	6	
>nau_da_SANGER_5_FBgn0002922
A |	0	22	0	0	0	0	0	1	
C |	16	0	22	22	0	0	9	14	
G |	1	0	0	0	0	22	0	1	
T |	0	0	0	0	22	0	13	6	
>net_da_SANGER_10_FBgn0000413
A |	10	6	0	22	0	0	0	0	1	
C |	4	13	22	0	14	22	1	0	4	
G |	7	3	0	0	2	0	0	22	7	
T |	1	0	0	0	6	0	21	0	10	
>net_da_SANGER_10_FBgn0002931
A |	10	6	0	22	0	0	0	0	1	
C |	4	13	22	0	14	22	1	0	4	
G |	7	3	0	0	2	0	0	22	7	
T |	1	0	0	0	6	0	21	0	10	
>sage_da_SANGER_5_FBgn0000413
A |	12	17	21	16	0	23	0	5	1	0	0	
C |	0	3	2	6	23	0	10	18	1	0	5	
G |	6	3	0	1	0	0	9	0	0	23	2	
T |	5	0	0	0	0	0	4	0	21	0	15	
>sage_da_SANGER_5_FBgn0037672
A |	12	17	21	16	0	23	0	5	1	0	0	
C |	0	3	2	6	23	0	10	18	1	0	5	
G |	6	3	0	1	0	0	9	0	0	23	2	
T |	5	0	0	0	0	0	4	0	21	0	15	
>sc_da_SANGER_10_FBgn0000413
A |	11	0	24	0	0	0	0	0	
C |	5	23	0	21	24	0	0	16	
G |	7	0	0	1	0	0	24	1	
T |	0	0	0	2	0	24	0	7	
>sc_da_SANGER_10_FBgn0004170
A |	11	0	24	0	0	0	0	0	
C |	5	23	0	21	24	0	0	16	
G |	7	0	0	1	0	0	24	1	
T |	0	0	0	2	0	24	0	7	
>tgo_ss_SANGER_5_FBgn0003513
A |	0	0	0	0	0	0	10	0	
C |	1	0	9	1	0	0	0	8	
G |	0	10	0	9	0	10	0	0	
T |	9	0	1	0	10	0	0	2	
>tgo_ss_SANGER_5_FBgn0015014
A |	0	0	0	0	0	0	10	0	
C |	1	0	9	1	0	0	0	8	
G |	0	10	0	9	0	10	0	0	
T |	9	0	1	0	10	0	0	2	
>ss_tgo_SANGER_10_FBgn0003513
A |	3	0	0	13	0	0	0	10	13	2	0	
C |	0	0	13	0	13	0	13	0	0	2	5	
G |	10	0	0	0	0	13	0	3	0	1	8	
T |	0	13	0	0	0	0	0	0	0	8	0	
>ss_tgo_SANGER_10_FBgn0015014
A |	3	0	0	13	0	0	0	10	13	2	0	
C |	0	0	13	0	13	0	13	0	0	2	5	
G |	10	0	0	0	0	13	0	3	0	1	8	
T |	0	13	0	0	0	0	0	0	0	8	0	
>tap_da_SANGER_5_FBgn0000413
A |	6	0	7	12	0	17	0	12	0	0	0	
C |	0	4	0	3	17	0	0	3	0	0	2	
G |	11	3	10	2	0	0	6	2	0	15	8	
T |	0	10	0	0	0	0	11	0	17	0	5	
>tap_da_SANGER_5_FBgn0015550
A |	6	0	7	12	0	17	0	12	0	0	0	
C |	0	4	0	3	17	0	0	3	0	0	2	
G |	11	3	10	2	0	0	6	2	0	15	8	
T |	0	10	0	0	0	0	11	0	17	0	5	
>twi_da_SANGER_5_FBgn0000413
A |	12	1	0	23	0	22	0	0	0	0	
C |	4	19	22	0	3	0	0	1	2	7	
G |	7	2	0	0	16	1	0	22	4	7	
T |	0	1	1	0	4	0	23	0	17	8	
>twi_da_SANGER_5_FBgn0003900
A |	12	1	0	23	0	22	0	0	0	0	
C |	4	19	22	0	3	0	0	1	2	7	
G |	7	2	0	0	16	1	0	22	4	7	
T |	0	1	1	0	4	0	23	0	17	8	
>crp_SANGER_10_FBgn0001994
A |	7	12	7	0	18	0	4	0	0	16	0	
C |	3	2	7	18	0	0	14	0	0	0	7	
G |	7	1	1	0	0	15	0	0	18	2	1	
T |	0	3	3	0	0	3	0	18	0	0	10	
>cwo_SANGER_5_FBgn0259938
A |	5	1	0	9	0	0	0	0	10	0	0	7	
C |	0	0	10	0	10	0	0	1	0	10	8	1	
G |	5	0	0	0	0	9	0	9	0	0	1	2	
T |	0	9	0	1	0	1	10	0	0	0	1	0	
>da_SANGER_10_FBgn0000413
A |	3	6	0	23	0	0	0	0	0	1	2	
C |	10	0	23	0	8	3	0	0	4	8	14	
G |	1	17	0	0	15	20	0	23	4	12	0	
T |	9	0	0	0	0	0	23	0	15	2	7	
>dpn_SANGER_10_FBgn0010109
A |	2	4	0	14	0	0	0	0	0	0	10	
C |	0	1	20	0	20	0	0	0	14	20	3	
G |	17	13	0	6	0	20	0	20	6	0	7	
T |	0	2	0	0	0	0	20	0	0	0	0	
>E(spl)_SANGER_5_FBgn0000591
A |	2	0	14	0	0	1	0	1	0	11	
C |	1	14	0	15	0	2	0	11	14	0	
G |	11	0	1	0	15	0	15	1	0	4	
T |	0	0	0	0	0	12	0	2	1	0	
>Fer1_SANGER_5_FBgn0037475
A |	9	1	6	7	0	17	0	0	0	0	17	0	1	
C |	2	11	2	6	17	0	3	16	0	0	0	16	0	
G |	1	2	8	0	0	0	14	1	0	17	0	0	15	
T |	5	3	1	4	0	0	0	0	17	0	0	1	1	
>h_SANGER_5_FBgn0001168
A |	0	3	0	18	0	0	0	0	9	0	
C |	0	7	18	0	18	0	13	0	9	17	
G |	18	8	0	0	0	18	0	18	0	0	
T |	0	0	0	0	0	0	5	0	0	0	
>Her_SANGER_5_FBgn0030899
A |	5	0	0	1	18	18	5	5	5	
C |	0	0	0	18	1	0	6	11	8	
G |	2	17	1	0	0	1	7	0	6	
T |	12	2	18	0	0	0	1	3	0	
>Hey_SANGER_5_FBgn0027788
A |	0	4	3	0	0	0	7	0	9	0	0	0	0	3	2	3	3	
C |	7	4	1	6	7	1	0	10	0	10	0	0	0	4	8	4	7	
G |	0	0	4	4	0	8	3	0	0	0	10	0	10	0	0	3	0	
T |	3	2	2	0	3	1	0	0	1	0	0	10	0	3	0	0	0	
>HLH106_SANGER_10_FBgn0015234
A |	22	4	0	35	0	1	0	0	34	0	
C |	0	0	35	0	30	0	20	14	0	23	
G |	13	0	0	0	2	34	0	20	1	2	
T |	0	31	0	0	3	0	15	1	0	10	
>HLH4C_SANGER_5_FBgn0011277
A |	4	3	1	0	0	8	0	0	0	0	4	0	1	0	1	
C |	0	1	7	0	8	0	1	8	0	0	0	0	2	8	5	
G |	4	4	0	7	0	0	7	0	0	8	4	4	5	0	0	
T |	0	0	0	1	0	0	0	0	8	0	0	4	0	0	2	
>HLHm3_SANGER_5_FBgn0002609
A |	0	21	0	1	1	0	3	0	15	
C |	18	0	22	0	3	0	14	18	4	
G |	0	1	0	21	0	22	3	0	1	
T |	0	0	0	0	18	0	2	4	2	
>HLHm5_SANGER_5_FBgn0002631
A |	6	4	0	16	0	0	0	0	0	0	19	
C |	3	2	19	0	19	0	0	0	19	18	0	
G |	9	13	0	2	0	19	0	19	0	0	0	
T |	0	0	0	1	0	0	19	0	0	1	0	
>HLHm7_SANGER_5_FBgn0002633
A |	0	0	18	0	0	2	0	0	0	17	12	
C |	1	18	0	19	0	0	0	17	18	1	5	
G |	16	0	1	0	19	0	19	1	1	1	2	
T |	1	0	0	0	0	17	0	1	0	0	0	
>HLHmbeta_SANGER_10_FBgn0002733
A |	0	7	0	0	0	0	1	0	
C |	13	0	16	0	0	0	13	12	
G |	0	9	0	16	0	16	2	1	
T |	1	0	0	0	16	0	0	2	
>HLHmdelta_SANGER_10_FBgn0002734
A |	4	2	5	0	18	0	0	0	0	
C |	1	0	1	23	0	22	0	6	0	
G |	2	21	13	0	3	0	23	0	22	
T |	16	0	4	0	2	1	0	17	0	
>HLHmgamma_SANGER_10_FBgn0002735
A |	1	0	22	0	0	1	0	2	0	16	
C |	6	21	0	24	0	5	0	20	22	0	
G |	14	0	2	0	24	0	24	0	0	4	
T |	0	0	0	0	0	18	0	2	2	3	
>nau_SANGER_5_FBgn0002922
A |	13	16	0	18	1	0	0	0	17	0	3	1	
C |	0	1	17	0	4	15	1	0	0	18	0	12	
G |	5	1	0	0	12	3	0	18	0	0	13	0	
T |	0	0	1	0	1	0	17	0	1	0	2	1	
>Side_SANGER_5_FBgn0032741
A |	12	17	21	16	0	23	0	5	1	0	0	
C |	0	3	2	6	23	0	10	18	1	0	5	
G |	6	3	0	1	0	0	9	0	0	23	2	
T |	5	0	0	0	0	0	4	0	21	0	15	
>acj6_SOLEXA_5_FBgn0000028
A |	508	498	397	372	350	714	278	129	1400	2667	43	1240	909	583	484	1461	2321	362	418	970	425	
C |	633	631	723	710	900	706	344	44	1447	91	13	256	525	483	274	195	99	257	395	498	462	
G |	903	881	977	1019	733	856	425	2526	93	52	32	474	459	514	349	597	301	622	1257	871	1002	
T |	820	930	900	896	1014	721	1950	298	57	187	2909	1027	1104	1417	1890	744	276	1756	927	537	432	
>ey_SOLEXA_5_FBgn0005558
A |	18	223	19	23	21	57	47	20	1	13	407	33	1	8	322	217	8	7	28	27	227	462	359	184	122	
C |	167	46	242	174	27	12	25	165	131	537	2	99	59	282	0	34	66	304	5	13	10	71	52	93	112	
G |	34	152	83	263	444	63	567	20	379	3	231	173	14	337	300	197	545	11	592	151	357	45	166	200	242	
T |	137	200	298	182	150	509	3	437	131	89	2	336	565	15	18	192	21	317	15	445	38	57	61	158	160	
>gsb-n_SOLEXA_5_FBgn0001147
A |	415	573	1119	425	949	34	5	70	25	612	1737	171	285	1556	1482	
C |	827	605	515	446	150	914	2359	7	67	24	49	2353	329	71	131	
G |	587	400	616	1108	824	1657	7	2553	225	1901	376	7	818	494	229	
T |	529	966	395	666	722	40	272	14	2328	108	483	114	1213	232	187	
>gsb_SOLEXA_5_FBgn0001148
A |	534	294	594	771	1183	7	1	69	8	290	2508	51	144	1251	1334	
C |	456	492	396	229	76	862	2676	0	5	2	14	2737	209	153	231	
G |	518	824	844	1240	1004	1918	1	2721	156	2496	79	0	1651	1088	735	
T |	692	1073	960	554	531	7	115	3	2625	6	193	6	790	207	331	
>nub_SOLEXA_5_FBgn0085424
A |	560	218	1979	8	0	55	1501	1413	1850	363	355	
C |	230	421	0	125	0	1552	4	59	42	177	477	
G |	414	90	12	58	1674	91	0	223	83	168	405	
T |	521	1150	0	1800	317	293	486	296	16	1228	629	
>pdm2_SOLEXA_5_FBgn0004394
A |	314	2378	15	4	74	2159	1961	2496	358	377	1114	
C |	457	20	72	3	2251	8	39	20	268	708	440	
G |	83	42	29	2358	61	13	201	85	173	535	574	
T |	1521	54	2491	242	221	427	406	6	1808	882	359	
>pdm3_SOLEXA_5_FBgn0033288
A |	383	136	2635	2643	5	161	1393	218	323	465	687	493	297	282	644	361	512	517	450	347	411	506	447	426	490	
C |	673	11	0	10	0	250	364	455	621	552	493	462	551	600	493	564	558	628	581	543	611	600	555	555	570	
G |	631	0	11	0	112	886	541	1559	1078	538	716	926	934	730	643	972	815	764	802	1076	951	826	920	971	838	
T |	966	2506	7	0	2536	1356	355	421	631	1098	757	772	871	1041	873	756	768	744	820	687	680	721	731	701	746	
>Poxm_SOLEXA_5_FBgn0003129
A |	280	88	2186	8	53	19	341	245	352	950	468	215	259	475	588	366	524	412	406	
C |	248	1929	158	1563	22	1166	381	624	566	281	554	368	296	835	558	570	541	678	499	
G |	123	81	83	45	2491	1371	475	327	1103	840	704	635	1278	698	554	653	608	637	854	
T |	1915	468	139	950	0	10	1369	1370	545	495	840	1348	733	558	866	977	893	783	713	
>Poxn_SOLEXA_5_FBgn0003130
A |	73	4	132	0	2698	0	61	0	234	
C |	1722	1	25	2436	257	2893	0	1749	942	
G |	175	2036	0	0	0	0	2894	1206	113	
T |	164	130	2798	519	0	62	0	0	1666	
>prd_SOLEXA_5_FBgn0003145
A |	704	603	415	9	309	12	2766	0	117	25	448	576	753	928	
C |	760	1198	1794	0	115	2528	96	2826	0	1900	886	1116	989	717	
G |	354	196	380	2702	7	7	4	0	2761	953	172	412	609	516	
T |	866	796	289	167	2447	331	12	52	0	0	1372	774	527	322	
>sv_SOLEXA_5_FBgn0005561
A |	546	370	25	219	1175	802	10	0	289	76	931	2189	447	387	323	
C |	130	588	756	1164	25	209	787	2379	0	85	28	68	2169	394	490	
G |	259	609	58	1281	1382	671	1979	11	2484	333	1752	184	79	1583	1024	
T |	96	828	1954	129	211	1111	17	403	20	2299	82	352	98	357	733	
>vvl_SOLEXA_5_FBgn0086680
A |	912	987	2943	47	102	658	1868	1008	1378	860	898	947	841	886	726	
C |	234	321	0	23	1	2095	253	631	532	830	825	902	912	869	772	
G |	338	131	0	0	1644	56	570	585	619	512	687	644	744	689	553	
T |	1218	1410	0	2873	1196	134	252	719	414	741	533	450	446	397	420	
>CG12361_SOLEXA_2_FBgn0250756
A |	339	283	0	870	1692	0	0	1122	201	
C |	296	142	0	13	0	0	0	0	289	
G |	263	180	0	183	0	0	635	570	363	
T |	588	954	1692	626	0	1692	1057	0	193	
>CG13424_SOLEXA_2_FBgn0034520
A |	219	381	234	0	1725	1725	0	318	771	209	
C |	341	447	525	0	0	0	0	89	7	329	
G |	225	412	196	0	0	0	0	393	861	349	
T |	360	417	770	1725	0	0	1725	925	25	228	
>CG33980_SOLEXA_2_0_FBgn0053980
A |	46	53	0	286	286	0	0	152	95	55	
C |	82	63	0	0	0	0	0	0	20	82	
G |	60	53	0	0	0	0	13	134	145	32	
T |	74	104	286	0	0	286	273	0	8	80	
>exd_SOLEXA_2_FBgn0000611
A |	587	539	0	0	2672	189	1470	474	
C |	568	204	0	0	0	1169	14	91	
G |	458	598	0	2672	0	86	914	145	
T |	1025	1314	2672	0	0	1228	259	483	
>lim_SOLEXA_2_FBgn0026411
A |	218	281	61	1361	1401	0	61	852	398	
C |	285	296	1	0	0	0	33	58	369	
G |	400	109	0	40	0	0	149	448	373	
T |	188	611	1339	0	0	1401	1158	43	130	
>hth_SOLEXA_2_FBgn0001235
A |	572	618	50	0	2696	86	2358	216	
C |	586	459	69	0	0	2621	40	172	
G |	589	527	25	2681	33	0	291	783	
T |	951	1115	2585	48	0	22	13	322	
>inv_SOLEXA_2_FBgn0001269
A |	281	241	97	1153	1378	0	51	757	253	
C |	285	289	13	3	0	0	0	0	348	
G |	308	146	2	222	0	6	127	621	442	
T |	293	599	1266	0	0	1372	1200	0	111	
>Six4_SOLEXA_2_FBgn0027364
A |	824	52	0	2631	106	2542	209	83	
C |	413	204	0	0	257	89	1021	377	
G |	695	74	2488	0	644	0	58	210	
T |	633	2272	143	0	1624	0	239	136	
>tup_SOLEXA_10_FBgn0003896
A |	526	285	129	2442	2468	0	156	734	575	
C |	644	882	0	0	0	0	30	115	448	
G |	634	283	0	26	0	373	1079	1451	438	
T |	615	1018	2339	0	0	2095	1203	137	202	
>zen2_SOLEXA_2_FBgn0004054
A |	443	681	421	338	2752	2963	17	309	1803	288	
C |	639	789	986	12	1	0	271	195	50	535	
G |	473	731	412	0	216	3	21	1383	900	320	
T |	679	689	1173	2642	23	26	2683	1105	162	312	
>CG33980_SOLEXA_2_10_FBgn0053980
A |	578	609	195	2801	2885	0	378	1276	525	
C |	716	845	22	0	0	73	275	157	352	
G |	735	421	0	84	0	71	488	834	669	
T |	738	1010	2668	0	0	2741	1744	403	276	
>inv_SOLEXA_5_FBgn0001269
A |	160	169	0	670	758	0	0	395	186	
C |	169	138	0	0	0	0	0	0	162	
G |	153	47	0	88	0	0	141	318	267	
T |	159	357	758	0	0	758	617	45	28	
>en_SOLEXA_2_FBgn0000577
A |	341	607	498	536	2086	2702	0	241	1565	425	
C |	473	672	714	131	0	0	0	0	42	383	
G |	383	617	463	0	616	0	0	471	920	453	
T |	530	651	1027	2035	0	0	2702	1990	30	255	
>ken_SANGER_10_FBgn0011236
A |	9	2	13	0	23	24	24	0	0	
C |	1	0	2	0	0	0	0	0	4	
G |	14	22	1	24	0	0	0	24	3	
T |	0	0	8	0	1	0	0	0	17	
>disco_SANGER_5_FBgn0000459
A |	10	12	5	0	1	0	0	18	0	5	
C |	1	0	0	0	0	0	20	0	20	14	
G |	2	4	8	0	18	0	0	1	0	1	
T |	6	4	7	20	0	20	0	1	0	0	
>ovo_SANGER_5_FBgn0003028
A |	14	0	19	19	0	0	0	3	17	3	2	
C |	2	0	0	0	19	0	0	1	0	13	4	
G |	2	0	0	0	0	19	19	7	2	0	0	
T |	1	19	0	0	0	0	0	8	0	3	10	
>ab_SANGER_10_FBgn0259750
A |	0	10	4	7	0	0	20	0	0	11	7	1	4	9	4	2	8	8	5	10	6	
C |	6	3	5	0	20	20	0	0	0	2	13	14	9	5	2	5	5	2	2	5	5	
G |	8	1	10	13	0	0	0	20	20	0	0	1	1	3	1	4	1	3	11	3	9	
T |	6	6	1	0	0	0	0	0	0	7	0	4	6	3	13	9	6	7	2	2	0	
>pho_SANGER_10_FBgn0002521
A |	7	17	14	12	22	0	0	0	0	0	3	5	
C |	11	0	3	2	0	0	0	0	22	3	2	14	
G |	1	5	1	5	0	0	22	22	0	19	17	2	
T |	3	0	4	3	0	22	0	0	0	0	0	1	
>lmd_SANGER_5_FBgn0039039
A |	2	3	0	0	5	0	0	0	0	2	0	7	2	1	
C |	15	3	4	10	0	0	0	0	0	0	4	11	3	2	
G |	1	7	18	1	16	22	22	22	22	20	5	3	9	8	
T |	3	9	0	11	1	0	0	0	0	0	13	1	8	10	
>sens_SANGER_10_FBgn0002573
A |	3	0	4	0	4	0	22	0	0	0	
C |	0	19	9	1	0	0	0	0	0	1	
G |	13	0	0	20	0	22	0	0	0	0	
T |	1	3	9	1	18	0	0	22	22	21	
>luna_SANGER_5_FBgn0040765
A |	0	0	0	0	0	0	5	1	1	0	
C |	0	0	0	11	0	0	0	2	7	9	
G |	16	16	16	0	16	6	5	10	2	0	
T |	0	0	0	5	0	10	6	3	6	5	
>sug_SANGER_5_FBgn0033782
A |	2	2	3	2	2	0	0	0	0	0	0	4	3	1	
C |	17	12	5	10	0	0	0	0	0	0	6	14	3	1	
G |	0	5	13	2	18	21	21	21	21	19	3	1	6	7	
T |	2	2	0	7	1	0	0	0	0	2	12	2	9	12	
>CG5669_SANGER_10_FBgn0039169
A |	9	7	1	1	0	0	2	0	0	3	3	0	4	13	15	
C |	2	4	1	0	0	0	20	0	0	1	0	18	13	2	7	
G |	6	11	14	23	24	24	1	24	14	20	21	0	2	3	1	
T |	6	1	8	0	0	0	1	0	10	0	0	6	5	6	1	
>CG4854_SANGER_10_FBgn0038766
A |	0	1	2	0	0	0	0	0	1	8	9	0	
C |	1	0	1	0	0	0	0	0	8	0	0	7	
G |	8	2	4	7	2	0	8	9	0	0	0	0	
T |	0	6	2	2	7	9	1	0	0	1	0	2	
>sqz_SANGER_5_FBgn0010768
A |	7	5	4	7	5	14	3	11	16	19	19	19	19	18	19	9	
C |	3	9	4	3	7	2	7	4	3	0	0	0	0	0	0	8	
G |	8	5	0	3	1	2	1	4	0	0	0	0	0	0	0	1	
T |	1	0	11	6	6	1	8	0	0	0	0	0	0	1	0	1	
>sr_SANGER_5_FBgn0003499
A |	4	2	6	0	0	1	0	0	0	2	1	0	1	5	
C |	1	1	1	8	0	0	0	1	0	14	0	1	4	0	
G |	9	5	10	5	19	7	19	18	19	0	16	9	9	8	
T |	5	11	2	6	0	11	0	0	0	3	2	9	5	5	
>pad_SANGER_5_FBgn0038418
A |	8	10	20	0	0	0	0	11	19	
C |	1	4	3	0	0	0	0	1	0	
G |	12	8	0	24	24	24	24	0	0	
T |	3	2	1	0	0	0	0	12	5	
>CG10267_SANGER_5_FBgn0037446
A |	8	6	1	16	16	1	16	0	0	11	
C |	0	6	10	0	0	14	0	16	0	0	
G |	1	0	0	0	0	0	0	0	0	5	
T |	7	4	5	0	0	1	0	0	16	0	
>phol_SANGER_5_FBgn0035997
A |	4	16	16	4	16	0	0	0	0	0	
C |	12	0	0	1	0	0	0	0	16	1	
G |	0	0	0	6	0	0	16	16	0	15	
T |	0	0	0	5	0	16	0	0	0	0	
>klu_SANGER_10_FBgn0013469
A |	2	3	1	0	0	1	0	0	2	0	0	
C |	2	0	10	0	0	0	0	0	0	0	2	
G |	2	16	0	20	7	19	20	20	0	20	11	
T |	12	0	9	0	13	0	0	0	18	0	7	
>CG12605_SANGER_10_FBgn0035481
A |	3	22	0	0	0	0	1	3	2	
C |	16	0	22	20	0	0	0	0	1	
G |	2	0	0	0	0	22	0	5	19	
T |	1	0	0	2	22	0	21	14	0	
>CG17181_SANGER_5_FBgn0035144
A |	13	2	2	24	1	0	0	0	0	
C |	4	19	20	0	23	24	0	0	5	
G |	6	2	0	0	0	0	1	24	0	
T |	1	1	2	0	0	0	23	0	19	
>Sp1_SANGER_5_FBgn0020378
A |	4	3	3	0	0	2	0	0	9	4	4	
C |	3	0	0	0	0	19	0	0	0	2	13	
G |	14	7	19	22	21	0	22	10	13	10	1	
T |	1	12	0	0	1	1	0	12	0	6	4	
>sna_SANGER_10_FBgn0003448
A |	3	2	23	0	0	0	0	5	1	11	
C |	14	21	0	23	23	0	0	2	8	8	
G |	5	0	0	0	0	0	23	0	0	4	
T |	1	0	0	0	0	23	0	16	14	0	
>esg_SANGER_2.5_FBgn0001981
A |	0	11	0	0	0	0	2	
C |	11	0	11	10	0	0	2	
G |	0	0	0	0	0	11	0	
T |	0	0	0	1	11	0	7	
>br_SANGER_10_FBgn0000210
A |	1	12	0	0	12	0	12	
C |	0	0	0	0	0	1	0	
G |	11	0	0	0	0	11	0	
T |	0	0	12	12	0	0	0	
>CG32830_SANGER_10_FBgn0052830
A |	10	1	0	19	19	0	0	10	
C |	5	0	1	0	0	0	1	3	
G |	4	18	18	0	0	17	2	6	
T |	0	0	0	0	0	2	16	0	
>her_SANGER_10_FBgn0001185
A |	14	2	0	4	19	13	9	8	13	0	0	28	0	4	15	
C |	2	24	1	15	6	1	4	5	2	0	0	0	0	10	7	
G |	12	2	29	10	4	7	4	3	10	0	30	2	30	0	1	
T |	0	0	0	1	1	9	13	14	5	30	0	0	0	16	6	
>sens-2_SANGER_2.5_FBgn0051632
A |	7	1	9	11	11	1	0	8	1	5	2	1	8	1	2	1	
C |	1	4	1	0	0	0	11	0	7	0	0	9	0	5	3	9	
G |	3	0	1	0	0	0	0	0	3	3	9	0	1	1	3	0	
T |	0	6	0	0	0	10	0	3	0	3	0	1	2	4	3	1	
>CG31670_SANGER_5_FBgn0031375
A |	19	19	17	9	1	8	4	0	16	10	4	
C |	0	0	1	0	0	8	3	18	2	2	13	
G |	0	0	1	0	18	3	12	0	1	2	0	
T |	0	0	0	10	0	0	0	1	0	5	2	
>sob_SANGER_10_FBgn0004892
A |	0	0	2	15	1	0	1	1	4	4	1	7	8	
C |	0	19	0	0	21	5	0	5	2	3	5	2	8	
G |	22	2	0	0	0	0	18	8	10	6	4	3	6	
T |	0	1	20	7	0	17	3	8	6	9	12	10	0	
>CG12029_SANGER_10_FBgn0035454
A |	4	4	0	0	0	1	0	0	0	0	0	
C |	1	0	0	0	0	2	0	2	0	2	15	
G |	11	3	20	20	20	0	20	2	20	14	0	
T |	4	13	0	0	0	17	0	16	0	4	5	
>CG14962_SANGER_5_FBgn0035407
A |	8	19	12	6	5	0	0	18	17	14	0	17	0	
C |	7	0	2	2	0	2	2	0	0	0	19	0	15	
G |	4	0	1	10	2	0	17	1	2	2	0	2	1	
T |	0	0	4	1	12	17	0	0	0	3	0	0	3	
>CG12236_SANGER_10_FBgn0029822
A |	1	2	4	7	2	0	0	0	21	0	0	5	0	3	
C |	3	6	1	1	0	0	0	21	0	2	10	10	5	1	
G |	16	8	10	7	19	0	0	0	0	0	0	5	9	8	
T |	1	5	6	6	0	21	21	0	0	19	11	1	7	9	
>Bteb2_SANGER_2.5_FBgn0025679
A |	2	0	0	0	0	0	0	0	
C |	1	0	0	0	0	12	0	0	
G |	9	12	12	12	12	0	12	4	
T |	0	0	0	0	0	0	0	8	
>CG7928_SANGER_10_FBgn0039740
A |	1	19	0	0	0	8	1	4	3	12	5	14	14	7	7	2	3	3	
C |	13	0	0	0	0	10	2	1	11	6	4	1	4	9	5	11	8	14	
G |	4	0	19	19	19	0	0	13	5	1	5	2	0	2	2	0	5	0	
T |	1	0	0	0	0	1	16	1	0	0	5	2	1	1	5	6	3	0	
>lola_SANGER_5_FBgn0005630
A |	12	12	12	0	0	0	0	
C |	0	0	0	0	12	0	8	
G |	0	0	0	12	0	0	0	
T |	0	0	0	0	0	12	4	
>fru_SANGER_10_FBgn0004652
A |	11	11	13	7	8	26	23	40	0	0	45	46	4	34	
C |	20	19	20	23	17	6	21	0	1	0	0	0	17	1	
G |	8	8	6	5	13	12	1	6	40	0	1	0	0	6	
T |	4	6	7	11	8	2	1	0	5	46	0	0	25	4	
>CG7368_SANGER_5_FBgn0036179
A |	0	2	0	0	2	0	0	0	0	0	1	0	1	0	1	6	4	5	4	0	
C |	0	1	0	1	0	0	0	0	0	0	0	0	0	0	1	0	0	0	2	0	
G |	6	3	8	6	5	8	5	7	8	8	7	8	7	8	6	0	0	0	2	2	
T |	2	2	0	1	1	0	3	1	0	0	0	0	0	0	0	2	4	3	0	6	
>hb_SANGER_2.5_FBgn0001180
A |	2	0	2	4	0	0	0	0	0	0	15	3	0	
C |	0	8	6	0	0	0	0	0	0	0	0	6	2	
G |	5	6	6	6	0	0	0	0	0	0	1	2	8	
T |	10	3	3	7	17	17	17	17	17	17	1	6	7	
>jim_SANGER_2.5_FBgn0027339
A |	12	12	11	11	11	12	12	8	5	0	12	
C |	0	0	1	1	1	0	0	2	6	6	0	
G |	0	0	0	0	0	0	0	2	0	5	0	
T |	0	0	0	0	0	0	0	0	1	1	0	
>CG3065_F1-3_SANGER_2.5_FBgn0034946
A |	5	2	1	0	0	0	0	0	0	0	0	
C |	1	1	0	0	0	21	0	0	0	1	13	
G |	15	6	20	21	21	0	21	1	21	18	0	
T |	0	12	0	0	0	0	0	20	0	2	7	
>l(3)neo38_SANGER_2.5_FBgn0086910
A |	8	0	2	0	5	0	0	1	0	4	1	1	1	12	2	6	3	2	3	
C |	0	3	1	0	0	0	1	0	0	1	1	1	5	5	7	2	0	1	4	
G |	9	17	15	17	15	14	12	19	18	15	18	15	10	1	5	11	6	13	1	
T |	3	0	2	3	0	6	7	0	2	0	0	3	4	2	6	1	11	4	10	
>wor_SANGER_2.5_FBgn0001983
A |	0	20	0	0	0	0	1	
C |	21	0	21	21	0	0	12	
G |	0	0	0	0	0	21	0	
T |	0	1	0	0	21	0	6	
>scrt_SANGER_2.5_FBgn0004880
A |	6	2	0	9	0	0	0	0	0	0	0	
C |	2	7	9	0	9	9	0	0	0	0	0	
G |	1	0	0	0	0	0	0	9	0	0	9	
T |	0	0	0	0	0	0	9	0	9	9	0	
>rn_SANGER_10_FBgn0259172
A |	6	6	9	8	3	13	17	21	23	23	23	23	17	3	10	8	6	3	8	11	16	8	5	9	1	
C |	11	1	2	8	12	6	2	1	0	0	0	0	4	12	4	8	3	14	7	4	3	0	9	4	22	
G |	4	12	7	1	7	1	3	0	0	0	0	0	2	4	7	3	7	5	2	6	3	9	5	8	0	
T |	2	4	5	6	1	3	1	1	0	0	0	0	0	4	2	4	7	1	6	2	1	6	4	2	0	
>gl_SANGER_5_FBgn0004618
A |	0	20	20	5	0	0	7	0	20	0	17	17	
C |	0	0	0	0	20	20	8	3	0	12	0	0	
G |	19	0	0	12	0	0	3	0	0	0	1	2	
T |	1	0	0	3	0	0	2	17	0	8	2	1	
>CG9895_SANGER_10_FBgn0034810
A |	10	7	6	2	0	1	0	0	0	1	0	0	
C |	2	3	2	0	2	0	14	0	0	0	1	13	
G |	10	7	2	22	22	22	0	23	4	21	20	0	
T |	1	7	14	0	0	1	10	1	20	2	3	11	
>vfl_SANGER_5_FBgn0259789
A |	1	0	18	0	0	0	18	3	
C |	1	18	0	0	0	0	0	1	
G |	12	0	0	18	18	0	0	14	
T |	4	0	0	0	0	18	0	0	
>CG8319_SANGER_2.5_FBgn0037722
A |	5	0	0	0	0	13	0	0	
C |	0	0	0	1	12	0	12	13	
G |	8	13	13	0	0	0	0	0	
T |	0	0	0	12	1	0	1	0	
>CG3407_SANGER_2.5_FBgn0031573
A |	11	7	0	0	0	17	16	2	6	
C |	4	3	1	0	17	0	0	8	9	
G |	0	0	16	0	0	0	1	6	0	
T |	2	7	0	17	0	0	0	1	2	
>CG2052_SANGER_2.5_FBgn0039905
A |	13	12	8	10	2	1	20	22	22	22	22	22	22	4	
C |	4	3	3	5	8	9	0	0	0	0	0	0	0	1	
G |	5	4	8	6	6	4	2	0	0	0	0	0	0	4	
T |	0	3	3	1	6	8	0	0	0	0	0	0	0	13	
>ab_SOLEXA_5_FBgn0259750
A |	131	133	112	90	148	102	190	1	0	449	0	0	299	130	25	54	172	141	104	144	157	167	215	196	159	83	
C |	158	188	168	173	120	195	19	453	455	1	0	0	29	326	374	197	128	115	130	142	119	108	128	124	77	34	
G |	81	92	88	106	53	121	207	0	0	0	456	460	8	2	16	40	70	36	70	60	102	114	75	83	66	25	
T |	88	48	93	92	140	43	45	7	6	11	5	1	125	3	46	170	91	169	157	115	83	72	43	58	62	33	
>CG2052_SOLEXA_2.5_FBgn0039905
A |	301	304	292	286	382	447	870	902	906	898	906	894	407	115	231	
C |	249	291	240	252	191	54	0	0	0	0	0	9	66	336	304	
G |	222	172	190	184	136	288	9	0	0	8	0	3	30	308	122	
T |	121	136	184	184	197	117	27	4	0	0	0	0	403	140	134	
>CG3407_SOLEXA_2.5_FBgn0031573
A |	119	81	0	0	3	267	265	10	73	62	63	89	141	123	89	90	82	69	104	83	76	77	91	96	95	
C |	33	20	0	5	260	0	0	95	105	98	98	69	56	56	91	80	61	67	68	85	90	66	91	91	57	
G |	37	0	261	4	0	0	0	125	20	79	43	39	41	52	37	45	65	68	43	56	45	66	54	54	55	
T |	78	166	6	258	4	0	2	37	69	28	63	70	29	36	50	52	59	63	52	43	56	58	31	21	49	
>CG5669_SOLEXA_5_FBgn0039169
A |	227	139	84	106	0	0	37	1	0	137	43	47	116	269	280	
C |	81	47	9	0	0	0	569	0	0	8	34	467	267	90	157	
G |	168	390	265	515	625	624	0	624	381	456	511	6	71	56	119	
T |	141	46	271	8	4	5	23	4	248	28	41	109	175	210	69	
>CG8319_SOLEXA_2.5_FBgn0037722
A |	30	79	0	1	0	0	187	2	10	100	31	
C |	10	5	0	0	0	184	2	199	190	28	79	
G |	129	115	196	194	0	0	1	0	0	30	42	
T |	25	2	5	6	201	17	11	0	1	42	44	
>disco_SOLEXA_5_FBgn0000459
A |	140	161	275	258	127	0	0	0	6	566	119	137	126	
C |	82	84	61	32	48	2	0	11	563	0	455	422	180	
G |	60	92	82	129	185	2	552	0	0	11	0	10	63	
T |	51	98	163	162	221	577	29	570	12	4	7	12	212	
>ken_SOLEXA_5_FBgn0011236
A |	133	124	147	131	208	45	247	0	527	532	535	2	2	215	133	
C |	190	192	199	181	20	1	11	0	0	2	0	0	184	89	147	
G |	123	125	110	119	269	467	18	530	0	1	0	528	46	121	151	
T |	77	93	80	105	39	23	260	6	9	1	1	6	304	108	64	
>lmd_SOLEXA_5_FBgn0039039
A |	56	72	86	19	14	116	13	0	28	10	41	7	117	80	78	
C |	46	339	162	134	249	0	0	0	0	0	0	70	242	85	97	
G |	72	30	130	421	30	384	550	574	516	522	516	182	128	192	196	
T |	143	113	199	3	284	77	14	3	33	45	20	318	90	206	181	
>luna_SOLEXA_5_FBgn0040765
A |	163	208	269	180	36	4	1	17	0	5	59	37	35	84	
C |	157	142	111	36	0	0	5	468	0	24	18	27	396	283	
G |	142	142	121	120	558	579	588	1	607	149	462	463	26	68	
T |	95	89	111	276	18	29	18	126	5	434	73	85	155	132	
>ovo_SOLEXA_5_FBgn0003028
A |	112	167	111	229	0	384	405	3	0	0	48	327	71	113	
C |	125	38	110	87	2	1	0	401	0	0	20	22	204	93	
G |	101	163	91	62	3	0	0	0	399	401	156	12	10	24	
T |	68	39	95	29	402	22	2	3	8	6	183	46	120	139	
>pho_SOLEXA_5_FBgn0002521
A |	142	111	134	299	244	221	419	0	0	0	37	12	81	139	77	
C |	75	159	204	26	59	52	0	0	0	0	383	44	62	208	146	
G |	96	88	58	80	6	90	0	0	429	429	0	340	243	30	66	
T |	84	64	33	24	120	66	10	429	0	0	9	33	43	49	115	
>sens_SOLEXA_5_FBgn0002573
A |	66	52	17	65	10	80	17	467	12	7	21	202	60	91	70	
C |	35	8	361	188	42	4	0	5	0	0	21	66	132	103	102	
G |	120	354	10	4	394	0	449	0	1	0	81	138	118	134	144	
T |	183	27	84	215	26	388	6	0	459	465	349	66	162	143	148	
>sug_SOLEXA_5_FBgn0033782
A |	60	46	43	65	22	96	0	0	10	10	3	0	75	78	71	
C |	75	389	342	96	343	0	0	0	0	0	0	92	456	178	138	
G |	91	27	85	518	31	515	705	705	690	671	687	135	107	179	251	
T |	194	245	245	36	319	104	10	10	15	34	25	488	77	269	237	
>CG10267_SOLEXA_5_FBgn0037446
A |	15	76	55	55	92	157	149	10	264	223	35	222	26	4	208	23	92	133	85	40	
C |	101	48	58	132	41	11	67	157	0	29	212	44	243	1	0	117	94	71	45	57	
G |	17	40	83	29	28	31	4	2	1	0	7	1	0	0	60	107	43	20	36	40	
T |	30	41	73	53	108	70	49	100	4	17	15	2	0	264	1	22	40	45	103	129	
>CG3065_F1-3_SOLEXA_2.5_FBgn0034946
A |	71	67	34	14	33	0	1	4	3	0	2	4	5	44	47	
C |	25	39	10	1	0	0	0	255	0	0	0	8	166	59	53	
G |	48	95	181	77	217	253	253	0	249	29	260	211	7	52	110	
T |	41	40	38	171	13	10	9	4	11	234	1	40	85	105	47	
>CG4854_SOLEXA_5_FBgn0038766
A |	115	44	34	46	143	57	43	55	114	133	58	31	21	132	37	16	31	29	14	21	379	378	2	148	52	
C |	52	96	99	72	53	85	64	109	107	63	33	78	75	19	3	1	2	0	5	340	7	5	320	24	186	
G |	51	62	168	165	154	135	131	128	98	118	188	196	42	188	339	4	9	361	369	0	1	7	1	132	36	
T |	60	114	91	109	42	115	154	100	73	78	113	87	254	53	13	371	350	2	4	31	5	2	69	88	59	
>CG7368_SOLEXA_2.5_FBgn0036179
A |	26	81	23	6	4	3	21	62	2	0	1	3	5	68	67	
C |	13	19	0	0	0	0	1	0	0	0	0	0	1	22	16	
G |	65	66	199	133	224	230	170	84	200	235	227	230	203	95	111	
T |	95	64	14	97	8	3	44	90	34	1	8	3	27	51	38	
>CG7928_SOLEXA_5_FBgn0039740
A |	29	436	0	0	0	206	15	92	32	262	130	234	252	202	
C |	289	0	0	1	0	175	42	14	261	78	104	59	118	86	
G |	38	0	430	437	435	14	6	325	140	71	124	91	41	87	
T |	69	3	9	1	4	44	376	8	6	28	81	55	24	60	
>CG9895_SOLEXA_5_FBgn0034810
A |	239	44	2	0	19	2	3	68	63	73	109	
C |	52	0	0	0	644	0	15	18	45	503	425	
G |	200	921	957	959	0	961	212	818	781	29	126	
T |	494	24	31	31	327	27	760	86	101	376	274	
>fru_SOLEXA_5_FBgn0004652
A |	79	95	89	94	115	113	95	81	95	59	157	144	365	2	0	341	361	52	145	143	121	138	126	98	
C |	123	131	126	128	124	108	133	128	131	165	71	203	0	0	1	3	3	187	62	103	115	100	103	118	
G |	64	89	81	83	72	88	82	76	71	80	107	0	0	362	1	0	1	20	87	68	83	89	73	67	
T |	55	50	69	60	54	56	55	80	68	61	30	18	0	1	363	21	0	106	71	51	46	38	63	67	
>rn_SOLEXA_5_FBgn0259172
A |	129	132	150	117	186	53	463	451	472	472	469	450	231	171	117	149	138	134	162	174	193	168	157	98	53	
C |	164	147	128	162	69	232	2	5	0	0	0	22	134	143	162	131	151	149	156	129	120	139	95	143	87	
G |	118	90	104	92	157	81	4	0	0	0	0	0	39	91	116	106	95	115	74	97	105	100	116	67	68	
T |	43	103	90	101	60	106	3	16	0	0	3	0	68	67	77	86	88	74	80	72	54	65	104	75	47	
>l(3)neo38_SOLEXA_2.5_FBgn0086910
A |	192	144	38	111	0	114	161	0	0	77	0	72	212	164	166	
C |	108	26	5	0	0	21	75	0	0	0	0	39	108	137	140	
G |	342	613	478	777	907	560	339	808	882	835	904	570	357	405	296	
T |	210	113	392	25	6	218	338	105	31	1	9	232	236	168	198	
>hb_SOLEXA_5_FBgn0001180
A |	3	7	10	9	0	0	0	0	4	0	43	
C |	13	16	23	8	0	0	0	0	0	0	4	
G |	21	19	9	33	0	0	0	0	0	0	23	
T |	23	26	28	20	70	70	70	70	66	70	0	
>CG3065_F1-5_SOLEXA_2.5_FBgn0034946
A |	400	219	96	169	11	3	51	10	7	29	81	74	276	218	
C |	139	78	20	1	0	0	1205	0	27	0	62	766	384	291	
G |	452	856	610	1125	1276	1263	9	1290	199	1265	1022	39	296	435	
T |	222	146	593	24	32	53	54	19	1086	25	154	440	363	308	
>jim_F1-9_SOLEXA_2.5_FBgn0027339
A |	202	124	372	414	259	411	369	349	412	159	154	240	204	181	122	
C |	60	190	26	6	104	1	52	5	0	222	122	55	143	130	114	
G |	102	43	6	0	0	4	2	64	11	40	74	74	36	44	82	
T |	25	50	19	3	60	7	0	5	0	2	73	54	40	45	42	
>lola_SOLEXA_5_FBgn0005630
A |	12	32	86	90	93	1	0	0	0	
C |	33	14	2	0	0	0	93	0	78	
G |	13	36	0	0	0	90	0	0	0	
T |	34	10	5	3	0	2	0	93	15	
>pad_SOLEXA_5_FBgn0038418
A |	399	324	369	364	396	343	421	364	441	401	466	499	439	497	455	386	380	1106	2	0	90	10	816	974	324	
C |	438	539	469	491	503	507	357	396	325	397	306	328	512	472	347	236	288	164	0	0	0	0	97	97	404	
G |	346	327	328	341	320	352	324	332	388	399	340	429	292	240	348	593	572	13	1427	1431	1329	1354	114	46	279	
T |	218	228	265	235	212	229	329	339	277	234	319	175	188	222	281	216	191	148	2	0	12	67	404	314	150	
>phol_SOLEXA_5_FBgn0035997
A |	402	400	304	1007	926	332	1031	0	0	0	51	53	239	320	191	
C |	205	326	582	13	49	212	0	1	0	2	966	95	265	562	380	
G |	178	174	89	24	38	273	0	7	1027	1037	1	836	393	62	185	
T |	206	146	87	18	49	245	31	1054	35	23	44	78	165	115	271	
>gl_SOLEXA_5_FBgn0004618
A |	21	402	422	76	8	20	200	49	341	59	270	267	161	90	103	
C |	8	5	12	15	430	416	139	76	29	223	44	69	115	97	74	
G |	312	0	9	343	5	4	49	13	34	70	53	55	130	102	169	
T |	10	8	6	15	6	9	61	311	45	97	82	58	43	152	90	
>scrt_SOLEXA_2.5_1_FBgn0004880
A |	78	50	373	1	2	0	2	3	28	37	107	131	96	
C |	227	285	8	385	353	2	0	0	0	8	216	55	157	
G |	23	22	5	0	2	2	382	1	43	330	38	116	42	
T |	18	24	3	3	32	385	5	385	318	14	28	87	94	
>scrt_SOLEXA_2.5_2_FBgn0004880
A |	122	61	23	317	0	0	1	0	3	28	36	123	123	
C |	59	184	263	0	319	307	2	0	0	1	3	142	55	
G |	67	33	11	3	0	0	4	317	0	34	275	22	73	
T |	13	20	24	1	2	14	314	4	318	258	7	34	70	
>sqz_SOLEXA_5_FBgn0010768
A |	250	371	220	366	272	847	832	853	854	843	852	552	413	121	229	
C |	277	182	237	165	418	0	0	0	0	0	0	214	186	273	224	
G |	195	194	184	280	4	4	0	1	0	0	0	8	148	252	219	
T |	106	105	213	43	160	3	22	0	0	11	2	80	107	186	113	
>sr_SOLEXA_5_FBgn0003499
A |	436	309	362	218	0	59	352	0	0	287	134	208	552	424	
C |	340	483	230	1078	0	6	0	0	0	1194	90	163	351	461	
G |	851	588	1380	320	2330	697	1947	2338	2300	91	1915	1114	874	716	
T |	560	933	366	722	8	1576	39	0	38	766	199	853	561	605	
>wor_SOLEXA_2.5_FBgn0001983
A |	428	127	1724	0	22	0	9	86	
C |	645	1499	19	1770	1743	0	1	1085	
G |	383	5	0	0	0	8	1759	5	
T |	150	78	51	24	29	1786	20	548	
>vfl_SOLEXA_5_FBgn0259789
A |	110	149	144	116	54	7	756	0	1	4	756	76	145	140	169	
C |	150	123	119	212	0	749	1	0	0	0	5	75	203	227	99	
G |	196	254	234	237	478	0	1	731	750	3	0	566	230	167	277	
T |	229	235	264	196	229	5	3	30	10	754	0	44	183	217	160	
>br_SOLEXA_10_FBgn0000210
A |	89	86	9	304	4	3	362	0	322	212	156	
C |	87	78	1	21	4	0	0	0	1	54	32	
G |	118	41	344	0	1	0	0	362	37	21	125	
T |	44	147	8	37	353	359	0	0	2	73	47	
>Bteb2_SOLEXA_2.5_FBgn0025679
A |	74	100	154	79	3	5	1	3	8	2	0	144	83	82	
C |	42	66	14	2	0	0	0	0	299	0	0	27	56	119	
G |	91	49	109	237	249	311	305	318	0	317	110	89	57	53	
T |	91	101	48	7	73	9	19	4	18	6	215	65	129	68	
>CG12029_SOLEXA_5_FBgn0035454
A |	200	248	259	60	9	10	97	9	11	12	9	18	214	164	175	
C |	114	147	19	2	3	0	237	0	44	0	21	767	328	278	170	
G |	297	377	203	980	1031	1062	0	1058	109	1052	911	0	174	331	334	
T |	227	198	595	34	33	4	742	9	912	12	135	291	360	274	311	
>CG12236_SOLEXA_5_FBgn0029822
A |	99	111	115	57	18	4	7	611	6	7	60	88	103	86	87	
C |	112	59	134	7	0	0	601	1	112	352	244	109	126	138	131	
G |	203	307	132	543	2	0	0	1	2	1	209	268	244	181	202	
T |	135	104	232	6	593	609	5	0	493	253	100	148	140	200	172	
>CG12605_SOLEXA_5_FBgn0035481
A |	104	66	477	4	7	15	1	9	76	70	158	152	91	
C |	227	350	1	493	450	1	0	3	7	21	208	126	197	
G |	51	22	5	0	1	2	489	1	91	384	70	138	84	
T |	33	41	14	0	39	479	7	484	323	22	61	81	125	
>CG14962_SOLEXA_5_FBgn0035407
A |	75	150	102	20	44	0	0	155	152	82	10	146	12	
C |	37	3	11	38	0	5	0	0	9	8	149	1	108	
G |	28	0	19	96	7	0	158	4	0	45	0	10	14	
T |	21	8	29	7	110	156	3	2	0	26	2	4	24	
>CG17181_SOLEXA_5_FBgn0035144
A |	200	298	96	37	597	3	0	6	0	29	104	219	247	161	166	
C |	55	140	490	565	3	624	607	0	0	143	119	116	181	211	201	
G |	90	108	27	12	2	0	6	7	610	9	75	234	126	127	130	
T |	73	25	20	19	31	6	20	620	23	452	335	64	79	126	109	
>CG31670_SOLEXA_5_FBgn0031375
A |	57	136	307	316	272	200	2	254	41	9	332	262	23	70	114	
C |	109	97	3	1	1	3	3	44	15	311	0	0	207	148	81	
G |	35	46	16	5	56	3	325	24	253	4	1	35	2	71	83	
T |	70	34	7	11	4	127	3	11	24	9	0	36	101	41	15	
>CG32830_SOLEXA_5_FBgn0052830
A |	83	105	111	71	51	117	72	263	0	0	548	535	0	40	239	99	125	130	98	56	82	112	112	91	
C |	74	120	98	108	123	100	95	21	6	0	1	14	115	345	32	114	114	106	111	116	127	113	127	135	
G |	126	163	153	169	188	155	191	133	0	0	0	0	0	95	197	171	137	151	155	201	191	170	175	184	
T |	98	161	187	201	187	177	191	132	543	549	0	0	434	69	81	165	173	162	185	176	149	154	131	128	
>her_SOLEXA_10_FBgn0001185
A |	212	5	6	29	274	163	112	111	202	3	0	371	2	63	201	
C |	6	367	0	328	19	36	50	33	26	15	0	6	0	149	26	
G |	158	0	371	15	78	82	46	42	100	0	379	0	376	5	42	
T |	5	9	5	10	11	101	174	196	54	364	3	5	4	119	54	
>klu_SOLEXA_5_FBgn0013469
A |	75	33	37	7	14	26	10	9	71	3	26	101	95	79	91	
C |	54	5	230	1	6	0	5	0	48	0	24	64	85	90	82	
G |	138	360	10	493	168	472	485	491	6	491	298	204	188	168	152	
T |	156	54	226	2	315	5	3	3	378	9	155	134	135	156	132	
>sna_SOLEXA_5_FBgn0003448
A |	177	158	185	171	101	549	804	32	1096	8	3	12	29	58	
C |	163	221	227	133	232	38	0	1059	0	1	4	11	2	159	
G |	424	401	380	528	295	409	191	6	0	1083	1088	18	1009	630	
T |	238	287	305	265	469	101	102	0	1	5	2	1056	57	228	
>sob_SOLEXA_5_FBgn0004892
A |	46	157	59	13	19	610	64	83	48	34	146	86	158	162	
C |	230	77	10	750	20	14	699	268	1	42	55	239	98	129	
G |	195	262	666	0	1	10	0	0	670	282	273	141	226	191	
T |	225	251	28	0	723	129	0	412	44	405	289	297	281	268	
>Sp1_SOLEXA_2.5_FBgn0020378
A |	177	246	128	66	73	3	0	27	3	0	129	157	93	97	
C |	140	74	33	2	0	0	0	510	0	1	16	66	369	232	
G |	175	180	356	237	494	563	569	0	558	281	339	260	30	89	
T |	74	76	59	271	9	10	7	39	15	294	92	93	68	93	
>ato_da_SANGER_5_2_FBgn0000413
A |	2	8	0	22	0	9	0	0	1	
C |	2	8	22	0	0	3	0	0	5	
G |	18	1	0	0	13	8	0	22	6	
T |	0	5	0	0	9	2	22	0	10	
>ato_da_SANGER_5_2_FBgn0010433
A |	2	8	0	22	0	9	0	0	1	
C |	2	8	22	0	0	3	0	0	5	
G |	18	1	0	0	13	8	0	22	6	
T |	0	5	0	0	9	2	22	0	10	
>ato_da_SANGER_5_3_FBgn0000413
A |	7	0	18	0	7	1	0	6	3	
C |	9	19	0	10	12	0	0	7	14	
G |	3	0	1	1	0	0	19	3	1	
T |	0	0	0	8	0	18	0	3	1	
>ato_da_SANGER_5_3_FBgn0010433
A |	7	0	18	0	7	1	0	6	3	
C |	9	19	0	10	12	0	0	7	14	
G |	3	0	1	1	0	0	19	3	1	
T |	0	0	0	8	0	18	0	3	1	
>Crc_CG6272_SANGER_5_FBgn0000370
A |	12	0	0	13	0	8	1	3	17	0	4	
C |	3	0	0	0	17	0	0	14	0	6	10	
G |	2	0	0	4	0	9	0	0	0	6	1	
T |	0	17	17	0	0	0	16	0	0	5	2	
>Crc_CG6272_SANGER_5_FBgn0036126
A |	12	0	0	13	0	8	1	3	17	0	4	
C |	3	0	0	0	17	0	0	14	0	6	10	
G |	2	0	0	4	0	9	0	0	0	6	1	
T |	0	17	17	0	0	0	16	0	0	5	2	
>Fer2_da_SANGER_5_FBgn0000413
A |	7	0	20	0	2	0	0	17	0	9	
C |	10	20	0	4	11	0	0	0	19	0	
G |	3	0	0	12	7	0	20	0	0	10	
T |	0	0	0	4	0	20	0	3	1	1	
>Fer2_da_SANGER_5_FBgn0038402
A |	7	0	20	0	2	0	0	17	0	9	
C |	10	20	0	4	11	0	0	0	19	0	
G |	3	0	0	12	7	0	20	0	0	10	
T |	0	0	0	4	0	20	0	3	1	1	
>gce_Clk_SANGER_5_FBgn0023076
A |	3	0	0	16	0	0	1	0	
C |	2	12	16	0	16	0	0	0	
G |	11	4	0	0	0	16	0	15	
T |	0	0	0	0	0	0	15	0	
>gce_Clk_SANGER_5_FBgn0030627
A |	3	0	0	16	0	0	1	0	
C |	2	12	16	0	16	0	0	0	
G |	11	4	0	0	0	16	0	15	
T |	0	0	0	0	0	0	15	0	
>Hand_da_SANGER_5_FBgn0000413
A |	0	12	0	12	0	0	0	0	1	
C |	12	0	6	0	0	0	2	11	8	
G |	0	0	5	0	0	11	10	0	2	
T |	0	0	1	0	12	1	0	1	1	
>Hand_da_SANGER_5_FBgn0032209
A |	0	12	0	12	0	0	0	0	1	
C |	12	0	6	0	0	0	2	11	8	
G |	0	0	5	0	0	11	10	0	2	
T |	0	0	1	0	12	1	0	1	1	
>HLH4C_da_SANGER_5_3_FBgn0000413
A |	0	12	0	0	0	0	4	3	1	1	
C |	11	0	12	12	0	0	8	1	10	8	
G |	0	0	0	0	0	12	0	4	0	1	
T |	0	0	0	0	12	0	0	4	1	1	
>HLH4C_da_SANGER_5_3_FBgn0011277
A |	0	12	0	0	0	0	4	3	1	1	
C |	11	0	12	12	0	0	8	1	10	8	
G |	0	0	0	0	0	12	0	4	0	1	
T |	0	0	0	0	12	0	0	4	1	1	
>HLH4C_da_SANGER_5_4_FBgn0000413
A |	6	0	17	0	1	0	0	7	2	5	4	3	
C |	8	16	0	12	16	0	0	7	2	8	12	11	
G |	2	0	0	0	0	0	17	2	11	2	0	1	
T |	0	0	0	5	0	17	0	1	2	2	1	1	
>HLH4C_da_SANGER_5_4_FBgn0011277
A |	6	0	17	0	1	0	0	7	2	5	4	3	
C |	8	16	0	12	16	0	0	7	2	8	12	11	
G |	2	0	0	0	0	0	17	2	11	2	0	1	
T |	0	0	0	5	0	17	0	1	2	2	1	1	
>kay_Jra_SANGER_5_FBgn0001291
A |	15	25	0	0	43	4	0	0	43	0	3	
C |	3	10	0	0	0	18	0	43	0	24	26	
G |	17	6	0	33	0	21	1	0	0	1	10	
T |	8	2	43	10	0	0	42	0	0	18	4	
>kay_Jra_SANGER_5_FBgn0001297
A |	15	25	0	0	43	4	0	0	43	0	3	
C |	3	10	0	0	0	18	0	43	0	24	26	
G |	17	6	0	33	0	21	1	0	0	1	10	
T |	8	2	43	10	0	0	42	0	0	18	4	
>Max_Mnt_SANGER_5_FBgn0017578
A |	2	0	18	0	0	0	0	
C |	16	18	0	18	0	0	0	
G |	0	0	0	0	18	0	18	
T |	0	0	0	0	0	18	0	
>Max_Mnt_SANGER_5_FBgn0023215
A |	2	0	18	0	0	0	0	
C |	16	18	0	18	0	0	0	
G |	0	0	0	0	18	0	18	
T |	0	0	0	0	0	18	0	
>Met_Clk_SANGER_5_FBgn0002723
A |	0	10	0	14	0	0	0	0	
C |	2	3	14	0	14	0	0	0	
G |	9	1	0	0	0	14	0	14	
T |	3	0	0	0	0	0	14	0	
>Met_Clk_SANGER_5_FBgn0023076
A |	0	10	0	14	0	0	0	0	
C |	2	3	14	0	14	0	0	0	
G |	9	1	0	0	0	14	0	14	
T |	3	0	0	0	0	0	14	0	
>Mio_bigmax_SANGER_5_FBgn0032940
A |	12	0	0	20	0	0	0	2	
C |	0	0	20	0	19	0	4	0	
G |	4	4	0	0	0	18	1	17	
T |	4	16	0	0	1	2	15	1	
>Mio_bigmax_SANGER_5_FBgn0039509
A |	12	0	0	20	0	0	0	2	
C |	0	0	20	0	19	0	4	0	
G |	4	4	0	0	0	18	1	17	
T |	4	16	0	0	1	2	15	1	
>Oli_da_SANGER_5_1_FBgn0000413
A |	3	17	1	1	22	0	18	0	0	1	0	
C |	10	0	21	21	0	0	4	2	0	2	15	
G |	8	2	0	0	0	0	0	0	22	10	0	
T |	1	3	0	0	0	22	0	20	0	9	7	
>Oli_da_SANGER_5_1_FBgn0032651
A |	3	17	1	1	22	0	18	0	0	1	0	
C |	10	0	21	21	0	0	4	2	0	2	15	
G |	8	2	0	0	0	0	0	0	22	10	0	
T |	1	3	0	0	0	22	0	20	0	9	7	
>Oli_da_SANGER_5_2_FBgn0000413
A |	13	5	0	2	3	9	2	0	18	0	7	0	0	0	3	
C |	3	7	11	5	6	2	14	18	0	3	11	0	0	1	9	
G |	2	2	4	6	5	6	2	0	0	1	0	0	18	6	0	
T |	0	4	3	5	4	1	0	0	0	14	0	18	0	11	6	
>Oli_da_SANGER_5_2_FBgn0032651
A |	13	5	0	2	3	9	2	0	18	0	7	0	0	0	3	
C |	3	7	11	5	6	2	14	18	0	3	11	0	0	1	9	
G |	2	2	4	6	5	6	2	0	0	1	0	0	18	6	0	
T |	0	4	3	5	4	1	0	0	0	14	0	18	0	11	6	
>Oli_da_SANGER_5_3_FBgn0000413
A |	10	0	16	0	3	0	0	0	0	
C |	5	16	0	1	13	0	0	1	11	
G |	1	0	0	0	0	0	16	6	0	
T |	0	0	0	15	0	16	0	9	5	
>Oli_da_SANGER_5_3_FBgn0032651
A |	10	0	16	0	3	0	0	0	0	
C |	5	16	0	1	13	0	0	1	11	
G |	1	0	0	0	0	0	16	6	0	
T |	0	0	0	15	0	16	0	9	5	
>tai_Clk_SANGER_5_FBgn0023076
A |	9	0	19	0	0	0	0	0	0	
C |	0	22	0	22	0	0	0	1	14	
G |	13	0	2	0	22	0	22	3	5	
T |	0	0	1	0	0	22	0	18	3	
>tai_Clk_SANGER_5_FBgn0041092
A |	9	0	19	0	0	0	0	0	0	
C |	0	22	0	22	0	0	0	1	14	
G |	13	0	2	0	22	0	22	3	5	
T |	0	0	1	0	0	22	0	18	3	
>tap_da_SANGER_5_2_FBgn0000413
A |	0	0	13	1	11	0	0	0	0	10	
C |	9	12	0	3	3	0	0	0	11	0	
G |	3	0	1	5	0	0	14	1	1	3	
T |	0	0	0	5	0	14	0	13	2	1	
>tap_da_SANGER_5_2_FBgn0015550
A |	0	0	13	1	11	0	0	0	0	10	
C |	9	12	0	3	3	0	0	0	11	0	
G |	3	0	1	5	0	0	14	1	1	3	
T |	0	0	0	5	0	14	0	13	2	1	
>tgo_cyc_SANGER_5_FBgn0015014
A |	1	0	0	19	0	0	0	0	7	
C |	2	0	19	0	19	0	0	0	7	
G |	16	3	0	0	0	19	0	16	2	
T |	0	16	0	0	0	0	19	0	0	
>tgo_cyc_SANGER_5_FBgn0023094
A |	1	0	0	19	0	0	0	0	7	
C |	2	0	19	0	19	0	0	0	7	
G |	16	3	0	0	0	19	0	16	2	
T |	0	16	0	0	0	0	19	0	0	
>tgo_sim_SANGER_5_FBgn0004666
A |	5	6	22	0	0	0	0	19	0	0	
C |	4	0	0	22	0	0	0	3	17	13	
G |	13	2	0	0	22	0	22	0	1	3	
T |	0	14	0	0	0	22	0	0	3	5	
>tgo_sim_SANGER_5_FBgn0015014
A |	5	6	22	0	0	0	0	19	0	0	
C |	4	0	0	22	0	0	0	3	17	13	
G |	13	2	0	0	22	0	22	0	1	3	
T |	0	14	0	0	0	22	0	0	3	5	
>tgo_sima_SANGER_5_FBgn0015014
A |	4	0	21	0	0	0	0	20	0	
C |	3	3	0	22	0	0	0	2	21	
G |	14	3	1	0	22	0	22	0	1	
T |	0	16	0	0	0	22	0	0	0	
>tgo_sima_SANGER_5_FBgn0015542
A |	4	0	21	0	0	0	0	20	0	
C |	3	3	0	22	0	0	0	2	21	
G |	14	3	1	0	22	0	22	0	1	
T |	0	16	0	0	0	22	0	0	0	
>tgo_tai_SANGER_5_FBgn0015014
A |	5	0	12	0	0	0	0	15	0	
C |	0	13	0	15	0	0	1	1	16	
G |	8	0	4	1	16	0	15	0	0	
T |	0	0	0	0	0	16	0	0	0	
>tgo_tai_SANGER_5_FBgn0041092
A |	5	0	12	0	0	0	0	15	0	
C |	0	13	0	15	0	0	1	1	16	
G |	8	0	4	1	16	0	15	0	0	
T |	0	0	0	0	0	16	0	0	0	
>tgo_trh_SANGER_5_FBgn0015014
A |	8	0	21	0	0	0	0	19	1	1	
C |	4	1	0	21	0	0	0	2	16	11	
G |	9	2	0	0	20	0	21	0	3	4	
T |	0	18	0	0	1	21	0	0	1	5	
>Xrp1_CG6272_SANGER_5_FBgn0036126
A |	16	0	0	6	0	7	0	11	16	1	
C |	1	0	0	0	17	0	12	5	0	8	
G |	0	0	0	10	0	10	0	1	1	0	
T |	0	17	17	1	0	0	5	0	0	7	
>Xrp1_CG6272_SANGER_5_FBgn0261113
A |	16	0	0	6	0	7	0	11	16	1	
C |	1	0	0	0	17	0	12	5	0	8	
G |	0	0	0	10	0	10	0	1	1	0	
T |	0	17	17	1	0	0	5	0	0	7	
>Adf1_SANGER_5_FBgn0000054
A |	1	7	2	4	3	0	0	11	0	8	0	7	4	5	7	
C |	5	3	6	7	0	0	11	0	1	1	0	3	4	2	4	
G |	0	1	2	0	8	10	0	0	10	2	11	1	0	3	0	
T |	5	0	1	0	0	1	0	0	0	0	0	0	3	1	0	
>aop_SANGER_10_FBgn0000097
A |	10	0	0	0	0	19	18	5	1	
C |	3	17	19	0	0	0	0	0	6	
G |	6	2	0	19	19	0	0	14	0	
T |	0	0	0	0	0	0	1	0	12	
>Atf6_SANGER_5_FBgn0033010
A |	0	1	0	0	5	0	0	0	0	1	2	6	
C |	0	4	0	0	1	6	0	0	0	0	4	0	
G |	6	1	0	6	0	0	5	0	6	4	0	0	
T |	0	0	6	0	0	0	1	6	0	1	0	0	
>bab1_SANGER_5_FBgn0004870
A |	2	19	19	3	3	20	14	20	0	19	5	
C |	2	0	0	0	0	0	0	0	0	0	2	
G |	13	0	0	1	0	0	0	0	0	1	0	
T |	3	1	1	16	17	0	6	0	20	0	13	
>BtbVII_SANGER_5_FBgn0012049
A |	8	1	0	20	0	5	0	16	2	14	
C |	10	5	3	0	0	0	0	0	9	3	
G |	2	5	0	0	0	13	0	4	0	0	
T |	0	9	17	0	20	2	20	0	9	3	
>CG10904_SANGER_5_FBgn0034945
A |	2	12	1	0	7	0	16	0	16	13	8	7	7	
C |	10	0	0	0	7	0	0	0	0	0	7	3	0	
G |	4	4	0	16	2	14	0	14	0	0	1	0	4	
T |	0	0	15	0	0	2	0	2	0	3	0	6	5	
>CG11504_SANGER_5_FBgn0039733
A |	0	11	0	1	20	19	1	20	2	
C |	14	5	1	19	0	0	19	0	4	
G |	0	1	19	0	0	0	0	0	0	
T |	6	3	0	0	0	1	0	0	14	
>CG12155_SANGER_5_FBgn0029957
A |	11	11	4	2	14	10	0	0	14	0	3	11	
C |	1	0	2	7	0	0	14	0	0	0	0	1	
G |	1	0	5	1	0	4	0	14	0	14	0	1	
T |	1	3	3	4	0	0	0	0	0	0	11	1	
>CG12768_SANGER_5_FBgn0037206
A |	8	6	0	2	23	1	0	23	23	7	10	8	
C |	1	6	10	1	0	22	23	0	0	9	9	7	
G |	0	4	0	0	0	0	0	0	0	0	0	0	
T |	14	7	13	20	0	0	0	0	0	7	4	8	
>CG13897_SANGER_5_FBgn0035160
A |	5	2	8	9	0	17	0	17	0	17	4	
C |	4	8	0	0	13	0	0	0	17	0	8	
G |	0	7	8	7	4	0	17	0	0	0	5	
T |	8	0	1	1	0	0	0	0	0	0	0	
>CG15601_SANGER_5_FBgn0030673
A |	4	1	0	0	8	9	0	0	
C |	0	0	0	9	0	0	4	9	
G |	0	0	1	0	1	0	0	0	
T |	5	8	8	0	0	0	5	0	
>CG1621_SANGER_5_FBgn0033182
A |	16	4	2	0	0	0	19	12	
C |	0	9	19	21	0	0	0	3	
G |	5	4	0	0	21	11	2	4	
T |	0	4	0	0	0	10	0	2	
>CG16778_SANGER_5_FBgn0003715
A |	0	18	0	20	0	17	0	0	
C |	15	1	20	0	9	0	6	1	
G |	2	0	0	0	0	3	0	18	
T |	1	0	0	0	11	0	14	1	
>CG3838_SANGER_5_FBgn0032130
A |	18	8	5	3	15	20	0	19	5	
C |	0	4	2	17	0	0	20	0	1	
G |	2	1	13	0	5	0	0	0	0	
T |	0	7	0	0	0	0	0	1	14	
>CG3919_SANGER_5_FBgn0036423
A |	8	1	17	9	1	4	1	1	0	15	19	0	20	0	1	
C |	9	9	0	6	13	6	2	0	20	0	0	20	0	11	9	
G |	2	8	0	0	3	7	0	19	0	5	1	0	0	1	7	
T |	1	2	3	5	3	3	17	0	0	0	0	0	0	7	2	
>CG4404_SANGER_5_FBgn0030432
A |	4	0	15	0	0	15	10	6	1	10	5	9	0	4	
C |	0	14	0	0	5	0	0	2	0	1	6	4	5	8	
G |	10	1	0	15	0	0	0	0	2	2	4	2	9	2	
T |	1	0	0	0	10	0	5	7	12	2	0	0	1	1	
>CG5180_SANGER_5_FBgn0043457
A |	15	1	0	5	16	17	0	11	1	3	
C |	0	0	15	0	0	0	17	4	1	9	
G |	0	0	0	12	0	0	0	0	2	4	
T |	2	16	2	0	1	0	0	2	13	1	
>CG5953_SANGER_5_FBgn0032587
A |	10	0	16	16	16	0	16	1	
C |	3	16	0	0	0	16	0	5	
G |	0	0	0	0	0	0	0	0	
T |	3	0	0	0	0	0	0	10	
>CG6276_SANGER_5_FBgn0038316
A |	4	0	14	0	8	15	10	15	0	8	8	11	10	
C |	8	13	0	1	5	0	0	1	13	0	1	2	3	
G |	3	0	1	0	0	1	1	0	0	3	1	2	2	
T |	0	3	1	15	3	0	5	0	3	5	6	0	0	
>CG7745_SANGER_5_FBgn0033616
A |	10	1	1	18	18	0	0	18	9	8	6	5	3	6	2	
C |	4	8	0	0	0	0	0	0	6	3	7	4	10	5	8	
G |	4	0	0	0	0	0	0	0	0	4	2	8	4	4	7	
T |	0	9	17	0	0	18	18	0	3	3	3	1	1	3	0	
>CG8281_SANGER_5_FBgn0035824
A |	0	9	0	0	17	17	0	16	5	6	
C |	9	0	0	17	0	0	0	1	2	2	
G |	1	8	0	0	0	0	0	0	0	0	
T |	7	0	17	0	0	0	17	0	10	9	
>CG8765_SANGER_5_FBgn0036900
A |	14	8	3	1	0	13	1	13	2	7	6	7	1	11	
C |	0	4	0	13	0	0	13	0	3	3	6	1	5	1	
G |	0	0	11	0	8	0	0	0	4	1	1	1	3	1	
T |	0	2	0	0	6	1	0	1	5	3	1	5	5	0	
>CG9437_SANGER_5_FBgn0034599
A |	0	0	17	0	0	0	
C |	0	0	0	17	0	0	
G |	0	0	0	0	17	1	
T |	17	17	0	0	0	16	
>Dip3_SANGER_5_FBgn0040465
A |	4	12	18	10	0	0	0	2	0	4	5	7	3	11	
C |	9	1	0	0	0	18	0	0	18	5	9	5	8	5	
G |	4	5	0	0	0	0	0	0	0	3	4	5	3	0	
T |	1	0	0	8	18	0	18	16	0	6	0	1	4	2	
>Doc2_SANGER_5_FBgn0035956
A |	0	0	0	8	0	8	1	1	0	
C |	0	0	11	0	11	0	10	6	0	
G |	0	1	0	2	0	3	0	1	0	
T |	11	10	0	1	0	0	0	3	11	
>Eip74EF_SANGER_5_FBgn0000567
A |	15	1	0	0	0	0	18	18	2	2	
C |	3	16	18	18	0	0	0	0	0	1	
G |	0	0	0	0	18	18	0	0	16	0	
T |	0	1	0	0	0	0	0	0	0	15	
>Eip75B_SANGER_5_FBgn0000568
A |	2	14	10	5	0	10	0	0	0	0	19	
C |	1	2	0	3	0	0	0	0	3	20	0	
G |	5	0	0	8	2	11	20	21	0	0	2	
T |	12	5	11	5	19	0	1	0	18	1	0	
>Eip93F_SANGER_10_FBgn0013948
A |	11	1	7	1	0	0	8	19	19	16	11	1	
C |	4	13	3	10	19	19	0	0	0	0	1	0	
G |	4	2	2	6	0	0	11	0	0	0	0	1	
T |	0	3	7	2	0	0	0	0	0	3	7	16	
>Ets21c_SANGER_5_FBgn0005660
A |	12	0	3	0	0	0	0	0	5	
C |	1	9	0	0	19	19	0	0	3	
G |	6	0	0	0	0	0	19	17	0	
T |	0	10	16	19	0	0	0	2	10	
>Ets65A_SANGER_10_FBgn0005658
A |	2	0	0	0	19	19	12	0	
C |	17	19	0	0	0	0	0	8	
G |	0	0	19	19	0	0	7	0	
T |	0	0	0	0	0	0	0	11	
>Ets96B_SANGER_5_FBgn0039225
A |	13	0	0	0	0	22	22	4	1	8	6	
C |	1	21	22	0	0	0	0	0	7	5	9	
G |	4	0	0	22	22	0	0	18	0	8	6	
T |	3	0	0	0	0	0	0	0	14	1	0	
>Ets97D_SANGER_10_FBgn0004510
A |	17	2	1	0	0	21	21	7	2	
C |	1	17	19	0	0	0	0	0	7	
G |	2	1	1	21	21	0	0	14	0	
T |	1	1	0	0	0	0	0	0	12	
>Ets98B_SANGER_10_FBgn0005659
A |	9	1	2	0	0	0	11	3	0	
C |	2	7	9	11	0	0	0	0	11	
G |	0	2	0	0	11	11	0	0	0	
T |	0	1	0	0	0	0	0	8	0	
>ftz-f1_SANGER_5_FBgn0001078
A |	6	6	0	0	0	0	6	
C |	0	0	0	0	0	6	0	
G |	0	0	6	6	0	0	0	
T |	0	0	0	0	6	0	0	
>GATAd_SANGER_5_FBgn0032223
A |	1	1	1	0	23	0	0	22	
C |	12	14	0	0	0	1	23	0	
G |	5	6	0	0	0	0	0	1	
T |	3	1	22	23	0	22	0	0	
>GATAe_SANGER_5_FBgn0038391
A |	8	0	19	0	19	19	0	
C |	2	0	0	0	0	0	4	
G |	0	19	0	0	0	0	15	
T |	9	0	0	19	0	0	0	
>HLH106_SANGER_5_1_FBgn0015234
A |	22	4	0	35	0	1	0	0	34	0	
C |	0	0	35	0	30	0	20	14	0	23	
G |	13	0	0	0	2	34	0	20	1	2	
T |	0	31	0	0	3	0	15	1	0	10	
>HLH106_SANGER_5_2_FBgn0015234
A |	18	3	0	15	0	2	0	0	20	0	
C |	0	0	20	0	19	1	0	0	0	13	
G |	2	0	0	5	0	17	0	20	0	2	
T |	0	17	0	0	1	0	20	0	0	5	
>HLH106_SANGER_5_3_FBgn0015234
A |	7	1	0	15	0	0	0	0	14	0	
C |	0	0	15	0	13	0	15	14	0	13	
G |	8	0	0	0	1	15	0	0	1	0	
T |	0	14	0	0	1	0	0	1	0	2	
>HLHmgamma_SANGER_5_2_FBgn0002735
A |	3	0	0	0	7	7	0	
C |	0	0	0	7	0	0	0	
G |	0	7	0	0	0	0	7	
T |	4	0	7	0	0	0	0	
>Hr39_SANGER_5_FBgn0010229
A |	9	1	0	16	0	0	0	0	0	12	
C |	0	7	0	0	19	19	0	0	4	2	
G |	5	0	17	3	0	0	0	0	15	3	
T |	2	9	0	0	0	0	19	19	0	2	
>Hr51_SANGER_5_FBgn0034012
A |	11	9	8	8	11	2	0	13	9	14	5	0	3	
C |	3	3	0	1	0	1	12	0	0	0	1	2	0	
G |	0	1	4	2	2	0	0	1	5	0	8	12	2	
T |	0	1	2	3	1	11	2	0	0	0	0	0	9	
>jigr1_SANGER_5_FBgn0039350
A |	10	10	0	15	19	19	20	16	15	13	11	
C |	7	5	0	0	1	1	0	0	4	0	4	
G |	0	3	0	1	0	0	0	0	0	1	4	
T |	3	2	20	4	0	0	0	4	1	6	1	
>knrl_SANGER_5_FBgn0001323
A |	14	19	18	1	0	14	0	7	0	0	16	
C |	1	1	0	9	2	0	0	0	0	20	0	
G |	1	0	1	4	0	6	20	11	12	0	4	
T |	3	0	1	6	18	0	0	2	8	0	0	
>Mes2_SANGER_5_FBgn0037207
A |	4	4	3	10	11	0	0	0	14	11	7	9	
C |	0	3	1	0	0	0	16	17	2	2	4	0	
G |	0	0	0	3	6	17	1	0	1	1	4	0	
T |	13	10	13	4	0	0	0	0	0	3	2	8	
>Met_SANGER_5_FBgn0002723
A |	0	21	0	1	0	0	0	
C |	21	0	18	0	0	0	2	
G |	0	0	0	20	0	16	9	
T |	0	0	3	0	21	5	9	
>Mitf_SANGER_5_FBgn0263112
A |	0	9	0	0	0	0	20	
C |	11	0	19	2	1	0	2	
G |	0	2	0	20	0	22	0	
T |	0	1	3	0	21	0	0	
>NFAT_SANGER_5_FBgn0030505
A |	7	11	2	2	4	17	17	12	9	8	3	3	0	3	11	
C |	7	3	8	0	0	0	0	0	4	0	4	11	15	12	2	
G |	3	0	4	15	11	0	0	3	4	0	1	0	2	0	4	
T |	0	3	3	0	2	0	0	2	0	9	9	3	0	2	0	
>pfk_SANGER_5_FBgn0035405
A |	8	8	6	0	2	1	5	13	3	1	4	2	0	0	0	
C |	6	8	2	2	14	16	13	2	6	8	3	0	3	18	11	
G |	1	1	2	1	0	0	0	3	3	0	11	2	0	0	0	
T |	2	0	8	15	2	1	0	0	6	9	0	14	15	0	1	
>pnr_SANGER_5_FBgn0003117
A |	2	10	0	17	1	17	16	
C |	9	0	0	0	0	0	0	
G |	3	0	17	0	0	0	0	
T |	3	7	0	0	16	0	0	
>pnt_SANGER_5_FBgn0003118
A |	12	0	1	0	2	17	15	9	1	
C |	1	17	16	0	0	0	0	0	2	
G |	1	0	0	18	16	0	0	9	0	
T |	2	0	1	0	0	1	3	0	15	
>Rel_SANGER_5_FBgn0014018
A |	10	9	8	18	21	15	0	1	0	3	0	
C |	3	0	0	0	1	1	17	22	23	20	23	
G |	10	14	13	5	0	0	0	0	0	0	0	
T |	0	0	2	0	1	7	6	0	0	0	0	
>retn_SANGER_5_FBgn0004795
A |	17	21	0	1	20	18	19	9	
C |	0	0	0	13	0	2	2	8	
G |	1	0	0	0	1	1	0	1	
T |	3	0	21	7	0	0	0	2	
>rib_SANGER_5_FBgn0003254
A |	0	0	0	11	17	17	13	9	8	
C |	9	0	17	0	0	0	0	2	0	
G |	0	17	0	6	0	0	0	0	2	
T |	8	0	0	0	0	0	4	6	6	
>slbo_SANGER_5_FBgn0005638
A |	10	0	0	7	2	2	8	15	22	1	5	
C |	7	0	0	0	19	0	2	7	0	7	9	
G |	4	0	1	15	1	20	1	0	0	1	0	
T |	1	22	21	0	0	0	11	0	0	13	7	
>srp_SANGER_5_FBgn0003507
A |	0	0	0	0	17	0	0	9	
C |	7	14	0	0	0	0	17	0	
G |	3	2	0	0	0	0	0	1	
T |	6	0	17	17	0	17	0	7	
>tai_SANGER_5_FBgn0041092
A |	13	15	11	0	21	0	0	0	0	7	2	
C |	0	1	7	21	0	21	0	2	2	0	16	
G |	3	0	2	0	0	0	21	0	19	7	2	
T |	5	5	1	0	0	0	0	19	0	7	1	
>tj_SANGER_5_FBgn0000964
A |	1	0	1	0	0	23	0	2	6	14	1	2	
C |	3	0	21	2	1	0	12	2	8	5	0	17	
G |	1	23	0	0	21	0	8	8	1	2	21	4	
T |	18	0	1	21	1	0	3	11	8	2	1	0	
>Usf_SANGER_5_FBgn0029711
A |	9	1	0	15	0	4	0	0	12	0	
C |	4	10	17	0	18	0	0	0	0	12	
G |	3	1	0	2	0	14	0	18	4	4	
T |	0	4	0	1	0	0	18	0	2	2	
>lola-PU_SANGER_5_FBgn0005630
A |	2	0	0	0	12	12	3	8	6	
C |	2	12	2	12	0	0	3	1	4	
G |	8	0	0	0	0	0	0	3	0	
T |	0	0	10	0	0	0	6	0	2	
>lola-PY_SANGER_2.5_FBgn0005630
A |	7	10	0	0	0	0	5	6	2	
C |	1	1	11	11	7	4	2	1	9	
G |	3	0	0	0	0	0	3	4	0	
T |	0	0	0	0	4	7	1	0	0	
>lola-PD_SANGER_5_FBgn0005630
A |	0	0	1	0	1	1	10	4	2	
C |	11	10	9	11	10	10	1	4	1	
G |	0	1	0	0	0	0	0	1	0	
T |	0	0	1	0	0	0	0	2	7	
>lola-PO_SANGER_5_FBgn0005630
A |	0	0	0	0	0	6	4	6	
C |	5	0	8	8	8	0	1	2	
G |	1	8	0	0	0	2	3	0	
T |	2	0	0	0	0	0	0	0	
>lola-PQ_SANGER_5_FBgn0005630
A |	8	3	6	10	8	0	11	6	0	
C |	2	3	1	0	0	11	0	5	9	
G |	0	4	4	0	0	0	0	0	0	
T |	1	1	0	1	3	0	0	0	2	
>lola-PW_SANGER_5_FBgn0005630
A |	0	0	0	0	0	0	11	
C |	3	0	10	0	0	11	0	
G |	9	2	0	0	12	0	0	
T |	0	10	2	12	0	1	1	
>lola-PT_SANGER_5_FBgn0005630
A |	1	0	0	0	12	11	3	8	
C |	0	12	0	12	0	1	4	0	
G |	11	0	0	0	0	0	1	3	
T |	0	0	12	0	0	0	4	1	
>lola-PJ_SANGER_5_FBgn0005630
A |	11	5	0	12	0	12	12	
C |	0	0	12	0	0	0	0	
G |	0	7	0	0	0	0	0	
T |	1	0	0	0	12	0	0	
>lola_PK_SANGER_5_FBgn0005630
A |	0	6	3	1	0	2	11	1	3	2	4	
C |	2	4	2	10	11	0	0	9	2	2	0	
G |	7	1	3	0	0	0	0	0	2	0	2	
T |	2	0	3	0	0	9	0	1	4	7	5	
>br-PE_SANGER_5_FBgn0000210
A |	5	2	2	0	3	3	0	1	10	10	1	2	
C |	0	1	3	7	2	1	10	0	0	0	5	0	
G |	5	0	0	1	3	0	0	1	0	0	0	8	
T |	0	7	5	2	2	6	0	8	0	0	4	0	
>lola-PG_SANGER_2.5_FBgn0005630
A |	11	11	0	1	0	0	6	
C |	0	0	0	10	0	8	4	
G |	0	0	11	0	0	1	1	
T |	0	0	0	0	11	2	0	
>CG31782_F9-11_SANGER_5_FBgn0051782
A |	5	0	0	1	0	5	0	0	7	2	0	6	6	5	
C |	0	2	2	0	7	0	7	7	0	5	5	0	0	0	
G |	1	4	4	0	0	0	0	0	0	0	0	0	1	0	
T |	1	1	1	6	0	2	0	0	0	0	2	1	0	1	
>CG4360_F1-3_SANGER_2.5_FBgn0038787
A |	5	0	8	7	0	8	8	1	7	7	2	3	0	
C |	3	8	0	0	8	0	0	7	0	0	3	5	5	
G |	0	0	0	1	0	0	0	0	0	0	3	0	3	
T |	0	0	0	0	0	0	0	0	1	1	0	0	0	
>ttk-PF_SANGER_5_FBgn0003870
A |	8	11	0	0	11	0	10	
C |	3	0	0	0	0	8	0	
G |	0	0	11	11	0	0	0	
T |	0	0	0	0	0	3	1	
>D19B_F10-12_SANGER_5_FBgn0022699
A |	0	6	0	9	0	0	0	1	9	
C |	1	1	8	0	0	0	0	0	0	
G |	0	2	0	0	9	9	8	0	0	
T |	8	0	1	0	0	0	1	8	0	
>disco-r-Cl1_SANGER_5_FBgn0042650
A |	5	7	2	4	5	0	1	0	0	4	0	0	
C |	2	0	2	1	0	0	0	0	8	4	7	7	
G |	1	0	3	1	2	1	7	0	0	0	0	0	
T |	0	1	1	2	1	7	0	8	0	0	1	1	
>br-PL_SANGER_5_FBgn0000210
A |	4	6	2	11	0	11	0	0	8	
C |	7	5	0	0	0	0	6	8	1	
G |	0	0	2	0	10	0	3	2	0	
T |	0	0	7	0	1	0	2	1	2	
>br-PA_SANGER_5_FBgn0000210
A |	8	10	0	11	0	0	0	
C |	0	1	0	0	0	0	0	
G |	3	0	0	0	10	0	4	
T |	0	0	11	0	1	11	7	
>lola-PC_SANGER_5_FBgn0005630
A |	0	0	10	11	11	9	3	1	0	
C |	0	0	0	0	0	0	3	5	8	
G |	11	11	1	0	0	1	1	0	1	
T |	0	0	0	0	0	1	4	5	0	
>ttk-PA_SANGER_5_FBgn0003870
A |	0	6	7	0	0	0	0	0	8	
C |	11	3	2	11	11	11	8	2	1	
G |	0	0	0	0	0	0	0	0	2	
T |	0	2	2	0	0	0	3	9	0	
>D19A_F10-12_SANGER_5_FBgn0022935
A |	0	2	0	2	11	10	0	0	9	
C |	1	0	0	0	0	0	0	0	2	
G |	2	9	0	8	0	1	0	10	0	
T |	7	0	11	1	0	0	11	1	0	
>Kr_SANGER_5_FBgn0001325
A |	6	10	6	0	0	1	0	8	
C |	0	0	2	0	0	2	0	0	
G |	6	0	4	12	12	9	0	0	
T |	0	2	0	0	0	0	12	4	
>lola-PF_SANGER_5_FBgn0005630
A |	5	11	12	0	0	0	0	8	0	2	
C |	5	0	0	12	0	11	12	1	6	5	
G |	0	0	0	0	0	0	0	1	0	0	
T |	2	1	0	0	12	1	0	2	6	5	
>lola-PL_SANGER_2.5_FBgn0005630
A |	1	0	0	0	0	2	0	2	8	
C |	0	0	0	0	0	2	0	9	0	
G |	6	11	0	11	11	5	7	0	0	
T |	4	0	11	0	0	2	4	0	2	
>bowl_SANGER_5_FBgn0004893
A |	4	0	7	0	5	12	0	0	
C |	7	12	1	0	0	0	0	8	
G |	0	0	4	12	1	0	12	0	
T |	0	0	0	0	6	0	0	3	
>lola-PA_SANGER_5_FBgn0005630
A |	5	0	0	0	1	1	2	
C |	0	0	0	0	0	5	8	
G |	7	12	12	0	0	0	1	
T |	0	0	0	12	11	6	1	
>Ci_SANGER_5_FBgn0004859
A |	6	0	8	2	1	8	0	3	0	10	0	
C |	0	0	3	9	10	2	10	8	11	0	9	
G |	4	11	0	0	0	0	0	0	0	1	2	
T |	1	0	0	0	0	1	1	0	0	0	0	
>Opa_SANGER_5_FBgn0003002
A |	7	2	4	4	3	1	0	0	0	8	0	0	3	
C |	3	0	5	7	9	9	12	11	12	3	11	8	0	
G |	1	5	2	1	0	2	0	1	0	1	1	0	9	
T |	1	5	1	0	0	0	0	0	0	0	0	4	0	
>CG11071_SANGER_5_FBgn0030532
A |	0	5	6	0	0	0	0	11	0	4	1	7	
C |	4	4	3	0	11	11	1	0	5	2	2	4	
G |	0	2	2	11	0	0	0	0	0	1	5	0	
T |	7	0	0	0	0	0	10	0	6	4	3	0	
>Blimp-1_SANGER_5_FBgn0035625
A |	2	7	9	9	0	1	0	9	9	9	1	0	
C |	1	0	0	0	0	1	0	0	0	0	0	6	
G |	6	0	0	0	8	4	9	0	0	0	7	0	
T |	0	2	0	0	1	3	0	0	0	0	1	2	
>Aef1_SANGER_5_FBgn0005694
A |	6	0	12	12	0	12	12	0	12	9	2	
C |	2	12	0	0	12	0	0	12	0	3	9	
G |	4	0	0	0	0	0	0	0	0	0	0	
T |	0	0	0	0	0	0	0	0	0	0	1	
>Cf2-PB_SANGER_5_FBgn0000286
A |	0	1	2	3	2	0	5	0	11	2	8	0	12	0	8	
C |	9	3	3	3	3	0	0	0	0	6	1	0	0	1	0	
G |	0	4	6	1	4	7	4	0	1	2	3	0	0	0	1	
T |	0	1	0	5	3	5	3	12	0	2	0	12	0	11	3	
>peb-F1-3_SANGER_2.5_FBgn0003053
A |	8	0	0	11	0	0	3	
C |	1	0	11	0	0	11	7	
G |	1	11	0	0	0	0	0	
T |	1	0	0	0	11	0	1	
>shn-F1-2_SANGER_5_FBgn0003396
A |	0	0	0	9	9	1	0	0	0	0	1	
C |	0	0	0	0	0	0	6	9	9	8	1	
G |	5	9	9	0	0	0	0	0	0	0	0	
T |	4	0	0	0	0	8	3	0	0	1	6	
>CG12236-PB_SANGER_2.5_FBgn0029822
A |	0	0	0	0	0	9	
C |	6	0	0	9	9	0	
G |	0	0	0	0	0	0	
T |	3	9	9	0	0	0	
>Cf2-PA_SANGER_2.5_FBgn0000286
A |	0	7	2	1	0	0	7	8	8	
C |	1	0	0	4	3	0	1	0	0	
G |	0	0	2	3	0	8	0	0	0	
T |	7	1	4	0	5	0	0	0	0	
>crol_F7-16_SANGER_5_FBgn0020309
A |	8	0	1	2	2	0	0	1	0	0	0	0	0	0	4	
C |	1	10	8	8	8	12	12	11	12	12	5	10	5	9	7	
G |	0	0	0	2	0	0	0	0	0	0	1	1	3	2	0	
T |	3	2	3	0	2	0	0	0	0	0	6	1	3	0	0	
>Aef1_SOLEXA_FBgn0005694
A |	17	5	18	9	1	0	0	0	0	0	0	0	43	35	4	
C |	15	20	4	3	0	0	0	0	11	0	0	6	12	7	14	
G |	47	52	13	6	87	2	0	102	0	0	102	13	14	49	14	
T |	24	25	69	85	16	102	105	2	93	105	2	86	34	13	72	
>Blimp-1_SOLEXA_FBgn0035625
A |	769	670	551	742	1321	1516	1778	35	65	66	1933	1864	1888	267	78	563	589	
C |	355	569	562	83	297	124	1	19	321	0	0	7	11	75	515	377	581	
G |	511	406	245	1008	186	167	133	1865	139	1872	6	55	4	1507	144	525	535	
T |	305	295	581	106	137	133	28	22	1415	4	3	13	37	91	1203	475	236	
>bowl_SOLEXA_FBgn0004893
A |	840	780	933	949	1102	68	1260	0	519	2294	0	0	784	703	
C |	620	821	547	735	1046	2278	66	0	12	56	8	2175	911	899	
G |	513	344	520	206	133	0	1067	2394	105	43	2385	47	248	550	
T |	420	445	392	502	111	46	0	0	1756	0	0	170	449	240	
>br-PA_SOLEXA_FBgn0000210
A |	1360	2320	82	0	2178	81	125	451	864	618	443	261	370	473	511	
C |	1118	180	2418	0	320	216	1066	503	349	494	519	375	388	473	605	
G |	0	0	0	0	0	245	101	827	722	635	565	520	817	645	556	
T |	22	0	0	2500	2	1958	1208	719	564	753	973	1344	925	909	828	
>br-PE_SOLEXA_FBgn0000210
A |	943	534	67	1005	46	0	2643	0	1977	844	1075	841	606	438	433	
C |	515	703	2106	43	3	0	27	3	195	589	315	530	472	402	527	
G |	800	1250	90	1835	0	0	0	2881	501	525	1252	870	515	569	894	
T |	625	396	618	0	2835	2885	212	0	211	925	241	643	1292	1473	1028	
>br-PL_SOLEXA_FBgn0000210
A |	224	1005	125	0	0	2507	56	97	707	442	440	
C |	238	237	251	2509	0	1	132	369	619	502	631	
G |	1160	746	116	0	0	0	1516	1166	500	817	787	
T |	886	520	2015	0	2509	0	803	875	682	746	651	
>Cf2-PA_SOLEXA_FBgn0000286
A |	321	0	348	0	572	81	0	651	0	399	
C |	88	199	170	51	71	53	0	0	0	104	
G |	144	0	72	67	6	366	0	0	0	25	
T |	97	451	59	531	0	149	651	0	651	121	
>Cf2-PB_SOLEXA_FBgn0000286
A |	1215	284	2640	0	2672	151	719	24	1999	713	855	
C |	856	55	31	0	0	528	243	779	80	1057	766	
G |	415	287	0	94	0	342	1708	103	438	381	660	
T |	184	2045	0	2577	0	1650	0	1762	152	518	390	
>CG11071_SOLEXA_FBgn0030532
A |	748	699	1138	1399	23	30	28	25	2647	332	1328	184	1167	675	985	
C |	1116	962	1117	639	37	2889	2887	164	270	674	485	438	1281	1314	915	
G |	574	411	637	648	2869	5	19	37	14	137	479	1783	229	411	432	
T |	505	870	53	257	14	19	10	2717	12	1799	651	538	266	542	611	
>CG12236-PB_SOLEXA_FBgn0029822
A |	558	324	30	0	0	0	1982	660	267	423	
C |	833	1067	0	0	2117	2117	134	103	657	543	
G |	395	234	24	0	0	0	0	1109	275	788	
T |	329	488	2062	2117	0	0	0	242	916	362	
>CG31782-F9-11_SOLEXA_FBgn0051782
A |	234	482	838	377	269	1	0	386	506	1453	375	
C |	420	438	289	305	27	0	0	0	25	195	584	
G |	486	350	954	1464	582	2552	2554	143	1979	287	1324	
T |	1413	1282	471	407	1676	0	0	2023	42	617	269	
>CG4360-F1-3_SOLEXA_FBgn0038787
A |	146	397	131	12	5	3	1	1	23	15	13	899	849	243	489	
C |	423	138	15	2	10	2	1	102	11	8	128	336	204	381	479	
G |	1215	435	136	2275	2	4	2412	6	1	2372	263	327	1131	471	595	
T |	642	1456	2144	136	2409	2417	12	2317	2392	32	2020	864	242	1331	864	
>chinmo_SOLEXA_FBgn0086758
A |	364	826	0	6	0	892	95	47	119	218	267	
C |	31	46	0	0	891	0	637	378	186	264	179	
G |	441	8	0	893	0	7	71	13	138	204	280	
T |	63	19	899	0	8	0	96	461	456	213	173	
>ci_SOLEXA_FBgn0004859
A |	82	1844	49	0	2018	0	382	114	2024	397	800	709	710	
C |	117	489	2712	2761	533	2763	2380	2499	240	1532	662	649	930	
G |	2404	427	0	1	45	0	0	47	373	578	1041	698	533	
T |	158	0	1	0	166	0	0	100	123	255	258	705	589	
>crol-F7-16_SOLEXA_FBgn0020309
A |	508	530	373	319	342	699	141	129	19	0	50	45	408	772	693	
C |	306	306	452	833	213	802	0	15	0	0	0	14	42	336	480	
G |	1432	1742	1693	723	2276	1268	2703	2707	2820	2855	2802	2635	2105	1120	981	
T |	606	274	334	978	22	84	8	2	15	0	0	159	297	625	699	
>D19B-F10-12_SOLEXA_FBgn0022699
A |	1556	0	2376	227	191	133	244	576	30	1830	
C |	541	36	149	2323	2358	1985	328	169	250	168	
G |	342	67	21	0	1	246	14	1444	429	468	
T |	110	2448	3	1	0	187	1964	361	1839	84	
>disco-r-F1-2_SOLEXA_FBgn0042650
A |	565	530	444	564	38	40	1	0	2434	0	2305	764	571	467	515	
C |	505	496	692	346	61	0	78	0	139	2584	272	782	563	446	582	
G |	786	675	635	848	2015	2085	41	2584	4	0	8	229	179	328	555	
T |	729	883	814	825	468	461	2464	1	8	1	0	809	1271	1344	931	
>esg-F3-5_SOLEXA_FBgn0001981
A |	211	259	2276	0	0	0	0	142	1331	453	460	377	491	300	622	
C |	66	2514	502	0	0	0	0	1336	355	601	560	546	483	681	485	
G |	2436	0	0	2779	2779	179	2749	427	577	428	933	1003	1127	967	797	
T |	64	5	0	0	0	2599	29	870	514	1295	823	849	677	829	874	
>Kr_SOLEXA_FBgn0001325
A |	421	476	117	1768	1694	0	0	0	114	414	161	435	536	325	438	
C |	732	492	676	245	704	2320	2321	2477	331	210	590	1061	672	802	689	
G |	754	521	189	88	19	36	0	0	512	51	225	495	753	613	578	
T |	567	987	1495	376	58	120	155	0	1516	1800	1499	484	515	735	770	
>lola-PA_SOLEXA_FBgn0005630
A |	920	856	628	642	570	707	721	972	1127	0	0	413	283	245	465	
C |	514	691	1021	890	926	686	514	623	0	0	0	251	114	1195	1019	
G |	572	477	425	455	508	539	817	266	1235	2363	2363	41	0	58	491	
T |	356	338	287	375	359	429	309	501	0	0	0	1655	1964	864	386	
>lola-PC_SOLEXA_FBgn0005630
A |	524	616	200	0	2082	2871	2868	2866	496	166	393	
C |	1015	798	28	0	58	23	26	23	780	1436	1122	
G |	799	876	2275	2894	754	0	0	6	751	380	772	
T |	554	602	389	0	0	0	0	0	864	912	607	
>lola-PD_SOLEXA_FBgn0005630
A |	205	81	49	0	0	0	0	228	0	254	155	144	192	145	172	
C |	111	194	30	0	0	0	0	0	0	584	265	260	209	206	206	
G |	402	460	464	749	747	1047	1047	818	976	137	125	330	364	407	346	
T |	327	309	501	297	299	0	0	0	70	70	500	311	279	289	320	
>lola-PF_SOLEXA_FBgn0005630
A |	462	268	500	822	713	201	10	101	2603	0	0	23	513	189	638	
C |	638	554	544	247	145	476	1	0	2	0	5	151	123	547	367	
G |	798	888	602	1061	1367	110	2581	2506	10	2605	4	10	1111	1008	962	
T |	721	909	972	488	393	1831	26	11	1	14	2609	2434	871	875	651	
>lola-PG_SOLEXA_FBgn0005630
A |	510	1973	0	67	0	0	363	488	591	485	342	
C |	131	232	0	2275	0	0	93	693	433	550	607	
G |	1605	58	2295	0	26	0	36	515	795	785	769	
T |	94	78	47	0	2316	2343	1849	646	522	521	623	
>lola-PJ_SOLEXA_FBgn0005630
A |	467	640	264	53	22	2784	0	0	87	117	229	305	352	405	446	
C |	603	560	494	254	9	2	0	0	1227	7	335	771	521	608	518	
G |	781	656	860	147	2	0	0	2787	0	49	1665	870	1136	696	872	
T |	933	928	1167	2331	2752	0	2787	0	1471	2611	556	839	776	1076	949	
>lola-PK_SOLEXA_FBgn0005630
A |	1348	828	384	0	2818	0	0	622	712	454	320	
C |	509	463	318	0	68	0	0	562	362	1842	1795	
G |	473	609	1887	63	0	2887	2887	1265	1298	444	310	
T |	555	985	297	2823	0	0	0	436	513	144	460	
>lola-PL_SOLEXA_FBgn0005630
A |	357	215	944	808	0	0	2061	0	361	407	457	281	368	310	
C |	322	163	968	793	2061	2061	0	2061	1099	481	334	387	452	480	
G |	600	1232	0	137	0	0	0	0	123	834	690	939	650	653	
T |	780	447	148	322	0	0	0	0	476	337	576	452	588	616	
>lola-PO_SOLEXA_FBgn0005630
A |	14	4	4	0	0	0	14	32	33	66	14	52	35	41	51	
C |	42	73	82	1	0	0	214	49	51	148	173	67	36	38	39	
G |	73	35	1	227	238	233	4	154	120	0	2	64	49	52	60	
T |	108	124	148	10	0	4	4	1	32	23	45	52	116	105	86	
>lola-PQ_SOLEXA_FBgn0005630
A |	37	32	55	52	54	0	0	0	126	18	23	41	32	57	93	
C |	110	162	69	181	8	0	0	0	0	38	275	81	115	86	97	
G |	126	62	268	158	441	180	2	504	0	0	44	222	111	160	154	
T |	228	246	110	111	0	322	501	0	376	446	162	157	244	198	158	
>lola-PT_SOLEXA_FBgn0005630
A |	104	81	133	29	295	17	0	0	728	1	43	127	139	132	126	
C |	210	252	100	216	27	0	0	0	53	0	589	353	193	176	156	
G |	226	218	284	66	292	9	0	787	3	787	80	106	240	194	228	
T |	250	237	271	477	173	763	790	2	3	2	76	200	216	285	278	
>lola-PU_SOLEXA_FBgn0005630
A |	475	470	750	111	1152	59	0	0	2747	0	37	373	527	
C |	818	828	300	839	107	0	0	0	116	0	2211	1385	649	
G |	745	636	913	240	812	92	59	2864	0	2864	320	452	932	
T |	826	926	901	1672	791	2713	2804	0	0	0	294	652	755	
>lola-PW_SOLEXA_FBgn0005630
A |	19	43	0	27	0	392	0	204	90	103	
C |	116	18	2	0	392	0	0	103	154	75	
G |	31	125	0	364	0	0	392	59	102	137	
T |	224	204	389	0	0	0	0	22	44	76	
>lola-PY_SOLEXA_FBgn0005630
A |	442	376	272	200	171	293	1567	189	0	0	0	16	558	240	246	
C |	380	270	439	466	383	296	0	0	0	0	0	1041	503	320	477	
G |	509	583	665	819	608	977	558	1838	2169	2169	143	0	531	1281	806	
T |	836	938	790	682	1004	599	43	141	0	0	2025	1112	573	327	638	
>opa_SOLEXA_FBgn0003002
A |	772	817	913	352	1212	276	227	221	28	50	41	779	157	409	223	
C |	1045	1071	835	928	883	2181	2420	2341	2680	2658	2128	577	1800	702	204	
G |	396	523	541	1127	600	51	0	50	0	0	35	1317	293	855	2156	
T |	494	295	420	300	13	199	62	94	0	0	504	34	457	741	123	
>peb-F1-3_SOLEXA_FBgn0003053
A |	417	417	675	745	350	0	2689	0	0	61	187	
C |	599	545	401	278	297	0	2	0	0	2430	327	
G |	786	924	910	1246	1275	2692	0	0	2692	84	353	
T |	887	805	704	420	768	0	0	2692	0	115	1822	
>peb-F5-7_SOLEXA_FBgn0003053
A |	8	1	0	158	1	0	0	0	89	32	70	28	18	21	14	
C |	5	2	40	0	0	178	20	153	26	57	18	57	50	47	44	
G |	39	1	0	0	0	8	0	13	45	25	38	43	21	35	32	
T |	132	182	146	28	185	0	166	20	23	72	60	57	96	81	96	
>salr-F3-5_SOLEXA_FBgn0000287
A |	189	44	0	126	36	0	453	119	101	155	144	39	5	17	1	
C |	5	47	3	260	0	0	3	78	54	72	57	99	272	187	203	
G |	27	7	8	93	422	471	3	90	48	15	93	32	140	123	132	
T |	258	380	468	0	21	8	21	192	275	237	185	308	63	152	141	
>sens2_SOLEXA_FBgn0051632
A |	391	289	122	510	0	497	0	2142	0	4	110	
C |	290	169	1733	782	403	54	0	307	0	5	206	
G |	829	1713	130	35	1886	26	2456	6	0	6	701	
T |	944	283	469	1127	164	1877	0	0	2455	2440	1438	
>shn-F1-2_SOLEXA_FBgn0003396
A |	37	18	72	119	592	113	2	0	0	98	100	103	85	107	85	
C |	84	10	4	7	18	47	0	594	610	233	130	132	127	136	138	
G |	458	575	512	483	4	0	0	0	0	133	172	207	204	221	251	
T |	36	10	26	5	0	454	613	21	5	149	212	172	199	150	139	
>ttk-PA_SOLEXA_FBgn0003870
A |	1063	1053	1587	1014	117	1389	2081	0	0	0	0	189	1363	1055	1034	
C |	795	754	496	1002	2265	1348	336	2968	2968	2966	2495	1553	627	957	851	
G |	561	547	202	394	442	0	10	0	0	1	1	56	433	543	578	
T |	548	612	680	555	142	230	539	0	0	0	471	1169	542	411	504	
>ttk-PF_SOLEXA_FBgn0003870
A |	1973	2880	0	0	2879	0	2216	880	666	880	876	
C |	867	1	0	0	0	1568	213	1001	991	946	921	
G |	15	1	2883	2883	3	3	175	25	545	608	677	
T |	26	0	0	0	0	1312	277	974	678	446	407	
